35	CC	2	64828	4.763958874
35	CT	2	26806	1.969869217
35	GT	2	18119	1.3314952
35	GC	2	15688	1.152850417
35	GG	2	12035	0.884405582
36	CT	2	11311	0.831201623
35	GCC	3	10110	0.74294478
36	TT	2	10067	0.739784877
36	T	1	10029	0.736992404
35	G	1	8067	0.592812616
35	C	1	6408	0.470899125
35	GA	2	5275	0.387639339
35	CG	2	4725	0.347221967
35	AC	2	4176	0.306878081
35	GGGCC	5	3589	0.263741723
35	CCC	3	3149	0.231407825
36	CCT	3	2452	0.180187992
35	A	1	2383	0.175117449
36	TCTGGGAT	8	2311	0.169826448
35	GGC	3	2129	0.156451972
35	AGAC	4	2096	0.15402693
35	ACGTGACG	8	1964	0.14432676
35	AG	2	1836	0.134920536
36	TGGTCTCT	8	1830	0.134479619
35	GGGGCC	6	1802	0.132422007
36	CCTGACACCTT	11	1795	0.131907604
35	AT	2	1783	0.131025771
36	CCGAGACT	8	1739	0.127792381
35	GGATCCG	7	1679	0.123383213
36	TAGGCCT	7	1643	0.120737713
35	AGGGCC	6	1561	0.11471185
35	AGGCCCT	7	1518	0.111551946
36	CCCGAGGT	8	1435	0.105452597
35	CA	2	1324	0.097295637
35	GAC	3	1313	0.096487289
35	GAGGGCCC	8	1307	0.096046373
35	GTGACCCA	8	1306	0.095972887
35	GGTTGCC	7	1306	0.095972887
35	GCCC	4	1305	0.0958994
35	GACGGCCC	8	1301	0.095605456
35	GCCCCC	6	1274	0.09362133
35	ACTTGGCT	8	1260	0.092592525
35	GGG	3	1231	0.090461427
35	AGAGGTC	7	1207	0.08869776
36	TAGAGACT	8	1192	0.087595468
35	AGGGCCC	7	1158	0.085096939
35	GGTGCCC	7	1135	0.083406758
36	CCTCTCCT	8	1124	0.082598411
35	GTTTTCCT	8	1122	0.082451439
36	CGTCCCCT	8	1112	0.081716577
35	GGGCCC	6	1102	0.080981716
35	AGGACCGT	8	1100	0.080834744
35	AAACACCGAGAC	12	1089	0.080026396
35	GTCCGCC	7	1081	0.079438507
35	ACCCGCCGCT	10	1049	0.077086951
35	GACGGCC	7	1032	0.075837687
35	GCTGCC	6	1026	0.07539677
35	AGAGTGGC	8	1023	0.075176312
36	TAGACT	6	1023	0.075176312
35	GGCCC	5	1023	0.075176312
35	GGAGGGCCC	9	1014	0.074514936
35	GGGGGCC	7	1014	0.074514936
35	GCCTCCGA	8	1010	0.074220992
35	ACGAAGGC	8	1008	0.07407402
36	CCCCT	5	1006	0.073927047
35	GGACCCC	7	1005	0.073853561
35	GGCC	4	1005	0.073853561
35	ACTGACT	7	1001	0.073559617
35	GGGATGCC	8	996	0.073192186
35	GGGGC	5	984	0.072310353
35	GGGGGGC	7	963	0.070767144
35	CCCCC	5	953	0.070032282
35	GGCTTAGCCCTCC	13	940	0.069076963
36	CCCCTCCT	8	937	0.068856504
35	GCTCTCGACC	10	923	0.067827699
35	AAGGAAGT	8	901	0.066211004
35	GGCCCC	6	894	0.065696601
36	TCCGGTTTTGGA	12	893	0.065623115
35	AGGCCCC	7	891	0.065476142
35	GGGGGC	6	885	0.065035226
35	GTCCCC	6	872	0.064079906
35	GAGGCC	6	856	0.062904128
35	AGGCCC	6	853	0.062683669
35	AGGCC	5	849	0.062389725
35	AGGGCCT	7	832	0.061140461
35	GGGTGGCCG	9	830	0.060993488
35	CCTTCCTC	8	826	0.060699544
36	CGGGCTTT	8	823	0.060479085
35	AGCCTGCC	8	821	0.060332113
35	GGGTTCTT	8	810	0.059523766
35	AGGGAAC	7	810	0.059523766
36	CTCGACT	7	793	0.058274502
35	GAATGCCT	8	783	0.05753964
35	GCCCC	5	779	0.057245696
35	GGGGCCC	7	775	0.056951751
35	AGGGCGG	7	770	0.056584321
35	CCTTCCCT	8	769	0.056510834
35	GGGCCT	6	761	0.055922945
36	CCTGACCCTT	10	759	0.055775973
35	GCCTCCCC	8	753	0.055335056
35	CCT	3	749	0.055041112
35	AGGGCT	6	740	0.054379737
35	CCTTACGC	8	738	0.054232764
35	GTTCGTCCCT	10	730	0.053644875
36	CGGGCCT	7	729	0.053571389
35	AGCCTGGGCC	10	728	0.053497903
35	GCCCCT	6	716	0.05261607
36	CCTCAAGGCCTT	12	712	0.052322125
35	GCCTCGCG	8	712	0.052322125
36	CGCCCCT	7	712	0.052322125
35	GCTTGAAC	8	710	0.052175153
35	AGACCCC	7	709	0.052101667
35	GACCGCC	7	709	0.052101667
35	GCCTCGGGGC	10	700	0.051440291
35	GACGGCAACGCCT	13	697	0.051219833
35	GGTTGGCC	8	696	0.051146347
35	CCCGCTGCTC	10	667	0.049015249
35	AGC	3	667	0.049015249
35	ACC	3	665	0.048868277
35	GGCCGC	6	664	0.048794791
35	GCTCTAGG	8	660	0.048500846
36	TCCCCCCT	8	660	0.048500846
35	GACCCC	6	660	0.048500846
35	AGGGGCC	7	658	0.048353874
35	AGGTTGG	7	657	0.048280388
36	CGCCCT	6	656	0.048206902
35	GCCCCCCC	8	647	0.047545526
36	TGCCCT	6	641	0.04710461
36	ACCCCGGCCT	10	639	0.046957637
36	CCCT	4	636	0.046737179
35	GTCCC	5	635	0.046663693
35	CCCC	4	630	0.046296262
35	GCTTTTCC	8	629	0.046222776
35	CTGGCCCG	8	626	0.046002318
35	GACACCCC	8	623	0.045781859
36	TCCATGT	7	619	0.045487915
35	GGGGGA	6	619	0.045487915
35	CTCCATTCCTCGGTT	15	615	0.04519397
35	ACCGACCGCT	10	607	0.044606081
35	AGGGGCT	7	606	0.044532595
36	CCCCCTT	7	606	0.044532595
35	AA	2	606	0.044532595
36	TGCCCCTT	8	603	0.044312137
35	AGGGGGC	7	603	0.044312137
35	ACCGGGGC	8	598	0.043944706
35	ACTTTCCC	8	595	0.043724248
36	TCGGCT	6	591	0.043430303
35	GTCGGGGT	8	589	0.043283331
35	AGGCACT	7	587	0.043136359
35	ACCCCC	6	587	0.043136359
36	CCCCCCT	7	575	0.042254525
35	CTTCGGTGAT	10	574	0.042181039
35	AGACCCG	7	573	0.042107553
35	GCCTGCCC	8	571	0.041960581
35	GCCGCCC	7	569	0.041813608
35	AGGGTCCC	8	567	0.041666636
36	CCTGTTCT	8	565	0.041519664
36	TGGGCCT	7	565	0.041519664
35	GGGC	4	565	0.041519664
35	GGGGAAGTCT	10	556	0.040858289
35	GCCCGCCT	8	555	0.040784802
35	GGACCCCC	8	554	0.040711316
35	AGCCCAGG	8	549	0.040343886
35	GGTAGGC	7	545	0.040049941
35	GTGGCCT	7	544	0.039976455
35	GCCTCGGG	8	542	0.039829483
35	CCTGGCCT	8	537	0.039462052
36	CCCCCT	6	537	0.039462052
35	GGGACGCTAA	10	533	0.039168108
35	CCCCCC	6	532	0.039094621
36	CTT	3	532	0.039094621
35	GCCCCCCT	8	530	0.038947649
36	CCACCCGT	8	526	0.038653705
35	AGGGGTCC	8	524	0.038506732
35	GGCCT	5	524	0.038506732
35	CTAACTAT	8	523	0.038433246
35	AGGCTAGGCCT	11	522	0.03835976
35	GAACGTCT	8	521	0.038286274
35	GCCCGGGC	8	519	0.038139302
35	CCGGAGGG	8	518	0.038065816
35	GGCTAGAGGC	10	515	0.037845357
35	GGTAGGCC	8	511	0.037551413
36	CCTGACCCCT	10	508	0.037330954
36	CCCCCCCT	8	508	0.037330954
35	GCTCACGG	8	507	0.037257468
35	GGTCTCCC	8	507	0.037257468
35	GTAGGCT	7	507	0.037257468
35	GCT	3	502	0.036890038
35	AGGGGTT	7	501	0.036816551
36	AGGTCT	6	499	0.036669579
35	CTGGCC	6	498	0.036596093
35	GGTCTGGGTT	10	497	0.036522607
35	GGAGGACC	8	495	0.036375635
35	AGGTGGT	7	495	0.036375635
35	GGGCCCC	7	495	0.036375635
35	AGGGAACC	8	494	0.036302149
35	GCTCAGGGC	9	493	0.036228662
35	ATTGGCCC	8	491	0.03608169
36	CTCTGTT	7	491	0.03608169
36	AGAACTCT	8	490	0.036008204
35	GTC	3	489	0.035934718
36	CCCTCCCT	8	486	0.035714259
36	CCTGGCT	7	484	0.035567287
35	GGGGCCT	7	480	0.035273343
35	GGCCGCCC	8	475	0.034905912
35	GTAACCCT	8	473	0.03475894
35	ATTTCCCC	8	467	0.034318023
36	TCCCT	5	467	0.034318023
36	TCCCCT	6	462	0.033950592
35	GGTAAAGC	8	461	0.033877106
35	CCCCCCGTACGG	12	460	0.03380362
36	TAGAGTTT	8	460	0.03380362
35	GCTGGGTC	8	459	0.033730134
36	TCTCTTGGTT	10	452	0.033215731
36	CAGTCCT	7	451	0.033142245
35	GGAGGCC	7	450	0.033068759
35	GAACGGAAGC	10	447	0.0328483
35	GGGGAC	6	447	0.0328483
35	ACAGGGC	7	445	0.032701328
35	AGTCGGGC	8	443	0.032554356
35	GTCC	4	443	0.032554356
35	GGCCCCC	7	442	0.03248087
35	AAGGTTC	7	438	0.032186925
35	GCAGCCT	7	437	0.032113439
35	CCCCAAAC	8	433	0.031819495
35	AGGCCCCT	8	432	0.031746008
35	GGCCGGTC	8	431	0.031672522
35	GTTCGCC	7	430	0.031599036
35	GCCTCAGGGCT	11	428	0.031452064
36	CCCTT	5	428	0.031452064
35	AGGTCCC	7	427	0.031378578
35	GGT	3	427	0.031378578
35	AGGGGC	6	424	0.031158119
35	GGTCCT	6	424	0.031158119
35	GAAGGGC	7	421	0.030937661
35	CCCTTCCACT	10	420	0.030864175
35	CCCCGGGC	8	420	0.030864175
35	GTT	3	419	0.030790689
35	GTTGCCCCCC	10	418	0.030717203
35	GTTAGAC	7	418	0.030717203
35	CCTGACCC	8	417	0.030643716
36	CTGGCAACTT	10	414	0.030423258
35	GGGGCTTGCTC	11	413	0.030349772
35	GGGGAGGG	8	412	0.030276286
35	CTTTT	5	412	0.030276286
35	GGGTACGAC	9	408	0.029982341
36	TTT	3	408	0.029982341
35	AGGACC	6	407	0.029908855
36	CCGGCCCT	8	406	0.029835369
35	AGGGGAC	7	405	0.029761883
35	GCCCGCTC	8	404	0.029688397
35	GCCCT	5	404	0.029688397
35	AGGAGGGGCTT	11	403	0.029614911
35	CCTCCCT	7	402	0.029541424
35	AGGC	4	401	0.029467938
36	TCCCCCT	7	396	0.029100508
35	AGGCCTCC	8	393	0.028880049
35	GGCCGCC	7	385	0.02829216
35	CCGCACCGAGAC	12	384	0.028218674
36	CCCGCCCT	8	384	0.028218674
35	GCATTCCT	8	383	0.028145188
35	AGCCCC	6	382	0.028071702
35	GACCGC	6	381	0.027998216
35	CCCTGGGCTT	10	380	0.02792473
35	GGGCCTT	7	380	0.02792473
35	CCCCCT	6	379	0.027851243
35	CCTCCCTC	8	378	0.027777757
35	GACCC	5	377	0.027704271
35	GTTCCCC	7	373	0.027410327
35	GCTTGGGCCC	10	371	0.027263354
35	GACCGCCCT	9	371	0.027263354
35	AAGGACTAGGT	11	370	0.027189868
35	CCCGAGAC	8	370	0.027189868
35	CCCTGGGTCCTGGAC	15	369	0.027116382
35	GCCCCTCGGCC	11	369	0.027116382
35	GTTTACCCGCC	11	369	0.027116382
35	AAGGACT	7	369	0.027116382
35	GGGGGT	6	368	0.027042896
35	AGGGACTT	8	367	0.02696941
35	CGTTT	5	367	0.02696941
35	GGCCGGAC	8	365	0.026822438
35	GGGGACCC	8	365	0.026822438
35	AGGGGGCC	8	361	0.026528493
35	AGACTGAGAC	10	360	0.026455007
35	CCCTAACGAGT	11	359	0.026381521
36	TCTGAACTTT	10	359	0.026381521
35	AGGGAGA	7	359	0.026381521
35	AGGACCGGTC	10	353	0.025940604
36	TCCT	4	351	0.025793632
35	GGGGCCA	7	350	0.025720146
35	GCCT	4	349	0.02564666
35	CGGCCTT	7	348	0.025573173
36	TAACCCTCTAACT	13	347	0.025499687
35	AGGTCCCT	8	347	0.025499687
35	GCCCAACA	8	347	0.025499687
36	CTAACCCT	8	345	0.025352715
35	GAGCCTCGTGAGCTC	15	342	0.025132257
35	GCCTCCCT	8	341	0.025058771
35	CCGTGCCCCA	10	340	0.024985284
35	ACCACCCC	8	340	0.024985284
35	CTTCCCC	7	339	0.024911798
35	CCCCCCCC	8	337	0.024764826
35	CGTTGGC	7	337	0.024764826
35	GGTCCCC	7	336	0.02469134
35	AGTGGTCCTGGTCT	14	335	0.024617854
35	ATTCGGCCGCT	11	333	0.024470881
35	CCCTCTGCCCT	11	333	0.024470881
35	ACCCCCCC	8	332	0.024397395
35	GAGGGCC	7	332	0.024397395
35	GCCCCCC	7	332	0.024397395
35	AGCCCCC	7	331	0.024323909
36	CTGTTAGACT	10	330	0.024250423
35	CTT	3	330	0.024250423
35	AAGGGAAGCC	10	329	0.024176937
36	CGCAAGGTT	9	329	0.024176937
35	ATATTCCC	8	329	0.024176937
36	CGCCCCCT	8	329	0.024176937
35	AGGGAGC	7	328	0.024103451
35	ACCTTTCTTGCC	12	326	0.023956479
35	GAACCTGT	8	326	0.023956479
35	GGGTCC	6	325	0.023882992
35	GCTCCGGTCC	10	324	0.023809506
35	CCTGCCC	7	323	0.02373602
35	GGCCGGACCT	10	321	0.023589048
35	GCCTCC	6	320	0.023515562
35	CTCCTCCG	8	317	0.023295103
35	ACCCC	5	317	0.023295103
35	CCTTCCCC	8	316	0.023221617
35	GCTCGGGC	8	316	0.023221617
36	CCCTGGCT	8	316	0.023221617
35	AGCC	4	315	0.023148131
35	AAGGGCC	7	313	0.023001159
35	GGACCC	6	313	0.023001159
35	AGGGTCC	7	310	0.0227807
35	CGCCCTTCGCCC	12	309	0.022707214
35	GGCCTACCTT	10	308	0.022633728
35	ACCGCC	6	307	0.022560242
35	CGAGACTGAGAC	12	305	0.02241327
35	GGCCACC	7	305	0.02241327
35	GGTCCC	6	305	0.02241327
35	ACCCGCCC	8	304	0.022339784
35	ACCCTC	6	304	0.022339784
35	CCCGCCCC	8	302	0.022192811
35	GCCTAACC	8	302	0.022192811
35	GGACCCTC	8	302	0.022192811
35	AGGGACC	7	302	0.022192811
35	ATGCGTCC	8	300	0.022045839
35	GTCGGTCG	8	299	0.021972353
35	AGGACTT	7	298	0.021898867
35	GGGCCCT	7	297	0.021825381
36	CCGGTTT	7	297	0.021825381
35	AAC	3	297	0.021825381
35	ACCGGGCC	8	296	0.021751895
35	CGCCC	5	296	0.021751895
35	GTAGTTGGCCC	11	295	0.021678409
35	CCCGCGGC	8	295	0.021678409
35	CGGGAGCC	8	295	0.021678409
35	GGGCCCCC	8	295	0.021678409
35	GGTTGCCC	8	295	0.021678409
35	CCCCCCT	7	295	0.021678409
35	GCCCGAT	7	294	0.021604922
35	GGGGAACC	8	292	0.02145795
35	GAAGCC	6	292	0.02145795
35	GGCCCT	6	292	0.02145795
35	GTTTACCCGCCAG	13	291	0.021384464
36	AGGGGCTAGCT	11	290	0.021310978
35	CTCCCCTT	8	290	0.021310978
35	GACCTACC	8	290	0.021310978
35	GGCCTCCC	8	290	0.021310978
36	ACTTCGCT	8	290	0.021310978
35	GGGGCGC	7	290	0.021310978
35	GTCCCCC	7	290	0.021310978
35	GCCTGGGT	8	289	0.021237492
36	TAAGCACT	8	289	0.021237492
35	CCTCCC	6	289	0.021237492
35	CCTGTC	6	289	0.021237492
36	TCCTGCCACCCTT	13	288	0.021164006
35	GAATGGC	7	288	0.021164006
35	GGTACAGGGCCG	12	286	0.021017033
35	GTTTGGACAGG	11	286	0.021017033
35	CCTCCCC	7	285	0.020943547
35	CCCCT	5	283	0.020796575
35	ACCC	4	283	0.020796575
37	TG	2	282	0.020723089
35	GGGGAAC	7	280	0.020576117
35	GTTGATCT	8	279	0.02050263
35	GGGGAGGCC	9	278	0.020429144
35	AGGGTTCT	8	278	0.020429144
35	GCCCGGCC	8	277	0.020355658
36	CTAACT	6	276	0.020282172
35	CTGGGCAGGGCCTC	14	275	0.020208686
35	ACCAGGCC	8	275	0.020208686
35	GGACGGCC	8	275	0.020208686
36	CGGCCCT	7	275	0.020208686
35	CGTGGGCGCC	10	274	0.0201352
35	GGGGGGA	7	274	0.0201352
35	GTCTCGGCCT	10	273	0.020061714
36	ACCCT	5	273	0.020061714
35	GGGGATCC	8	272	0.019988228
35	CTTGCCC	7	270	0.019841255
35	GGAC	4	270	0.019841255
35	AACCCCGG	8	269	0.019767769
35	AGGGGGGC	8	269	0.019767769
36	CCCGGCT	7	269	0.019767769
36	CCGCTT	6	268	0.019694283
36	TCCCTT	6	268	0.019694283
35	ATCTCGGGGC	10	267	0.019620797
35	GTCCCCCC	8	267	0.019620797
36	TTGGCCTT	8	266	0.019547311
35	AGGGCCCC	8	265	0.019473825
35	GGGGACT	7	264	0.019400338
35	ATAAGGCCC	9	263	0.019326852
35	ACCTCCCC	8	263	0.019326852
35	AGGTTCCC	8	263	0.019326852
35	GGTCCCT	7	263	0.019326852
36	CCCTCGCCTT	10	262	0.019253366
35	CCCTTAGG	8	262	0.019253366
35	GGCCCGCC	8	262	0.019253366
35	AGCTCCC	7	262	0.019253366
36	CGGCCT	6	262	0.019253366
35	GGGAC	5	262	0.019253366
35	GTAGGGGG	8	261	0.01917988
35	GTCTCCCC	8	261	0.01917988
35	GCGCCT	6	261	0.01917988
35	GTGGCC	6	261	0.01917988
35	GGAGCC	6	260	0.019106394
35	CTCCTCCC	8	259	0.019032908
34	ACAACGGG	8	257	0.018885936
35	CGTTCCCC	8	257	0.018885936
35	GGAGGGC	7	257	0.018885936
35	GGGGACC	7	257	0.018885936
35	GGTGGCCT	8	256	0.018812449
36	CCCCCCTT	8	256	0.018812449
35	CTCCCC	6	256	0.018812449
36	CCCGTGGCCT	10	255	0.018738963
35	CCCCGGCT	8	254	0.018665477
36	AACCCTCT	8	254	0.018665477
36	CTCCCCT	7	254	0.018665477
35	CCCCCCC	7	253	0.018591991
36	AT	2	253	0.018591991
35	AGATCTCC	8	251	0.018445019
35	GGAGCCCT	8	251	0.018445019
35	GACTCC	6	251	0.018445019
35	ACCTTACTAAGGAAC	15	250	0.018371533
35	GGCGGC	6	250	0.018371533
35	AAGGGCCAGGGCCC	14	249	0.018298047
35	CCGGGCC	7	249	0.018298047
35	CTGCGCC	7	249	0.018298047
35	GGCGGCC	7	249	0.018298047
35	GGTCTCAGC	9	248	0.01822456
35	GGATCCGG	8	248	0.01822456
35	AGGATGC	7	248	0.01822456
36	AGCCT	5	248	0.01822456
35	AGGACCCC	8	247	0.018151074
36	CCCGCGT	7	247	0.018151074
35	GCCCCTGGGTC	11	246	0.018077588
35	AGGTGGACTC	10	246	0.018077588
36	CTCCT	5	246	0.018077588
35	AGACTGGGC	9	245	0.018004102
35	CCGACTCC	8	245	0.018004102
36	CCTGCCCT	8	244	0.017930616
36	CCTTTCCT	8	243	0.01785713
35	ACCCTTAGCC	10	241	0.017710157
35	GCGGCCT	7	241	0.017710157
36	TTCCGGACT	9	240	0.017636671
35	CCCCGCCC	8	240	0.017636671
35	CCTTAGACT	9	239	0.017563185
36	TACCCTCT	8	239	0.017563185
35	GTTCCC	6	238	0.017489699
35	CCTTCTTTTT	10	237	0.017416213
35	GTCTCCCT	8	237	0.017416213
36	CCCGGCCT	8	237	0.017416213
35	GGCCGCCCC	9	236	0.017342727
35	AGGGCACC	8	236	0.017342727
35	AGTCCCC	7	236	0.017342727
35	CCCT	4	236	0.017342727
35	ACGAGACC	8	235	0.017269241
35	GGGGGAT	7	235	0.017269241
35	AGGGGA	6	235	0.017269241
36	TTTCCT	6	235	0.017269241
35	AAACACTGAGAC	12	234	0.017195755
35	GCCCGCCC	8	234	0.017195755
35	CTGGCCC	7	234	0.017195755
35	GCTTAAGC	8	232	0.017048782
35	GGACGTTT	8	232	0.017048782
35	AGGCCCCC	8	231	0.016975296
35	GACCGGCC	8	231	0.016975296
35	GCCAGCCT	8	231	0.016975296
36	CTCGCCT	7	231	0.016975296
36	CGTCCTTT	8	230	0.01690181
35	AGGCCGC	7	230	0.01690181
36	CGTATCT	7	230	0.01690181
36	CCCCTT	6	230	0.01690181
35	AGG	3	230	0.01690181
35	CTCTGGGT	8	229	0.016828324
35	GCCCGGCT	8	229	0.016828324
35	CTCGGCC	7	228	0.016754838
35	GACGACC	7	228	0.016754838
35	GCGGCC	6	228	0.016754838
35	GGCGCC	6	228	0.016754838
36	TGCCT	5	228	0.016754838
35	ACCGGGC	7	227	0.016681352
35	CATTT	5	227	0.016681352
35	CTC	3	227	0.016681352
35	GCACGTCC	8	226	0.016607866
35	GCCTTCCC	8	226	0.016607866
35	AGGAAGGC	8	225	0.016534379
35	ATAAGGC	7	224	0.016460893
36	CTTCCTT	7	224	0.016460893
35	GAT	3	224	0.016460893
35	AGCCCCCC	8	223	0.016387407
35	AGGCCT	6	223	0.016387407
35	ATGGGGAC	8	222	0.016313921
35	GATAGGCT	8	222	0.016313921
35	ACGTTAGAGC	10	221	0.016240435
35	CTTCCGGTCT	10	221	0.016240435
35	CCGCCCCC	8	221	0.016240435
35	GCTTAGAA	8	221	0.016240435
35	GTTTAGGT	8	221	0.016240435
35	CTCTAAC	7	221	0.016240435
36	TTTTT	5	221	0.016240435
36	TA	2	220	0.016166949
35	AGGACGAT	8	219	0.016093463
35	CCGGCCC	7	219	0.016093463
35	GTCGGGC	7	219	0.016093463
35	AGACACCC	8	218	0.016019976
35	CCTGGACT	8	218	0.016019976
35	GCCCTCCC	8	218	0.016019976
36	CTAGGGT	7	218	0.016019976
35	GGGACC	6	218	0.016019976
35	AGGGC	5	218	0.016019976
35	GGCT	4	217	0.01594649
35	GTTTTTCTCC	10	216	0.015873004
35	GCCCTC	6	216	0.015873004
36	CGCCT	5	216	0.015873004
35	GGCTTGATC	9	215	0.015799518
35	AGGGGCCC	8	215	0.015799518
35	GCCCTCCT	8	215	0.015799518
35	GCCCCTTGAGGACCC	15	214	0.015726032
35	CTGAGGGTTAGAC	13	214	0.015726032
35	GCCCGGGT	8	214	0.015726032
36	CCTACCCT	8	214	0.015726032
35	ACCGGCC	7	214	0.015726032
35	CCTTCCC	7	214	0.015726032
35	CTGCCTT	7	214	0.015726032
35	AGGTCC	6	214	0.015726032
35	GCCGCC	6	214	0.015726032
35	CCCCGACT	8	213	0.015652546
35	GGGAAACC	8	213	0.015652546
36	CCCTTT	6	213	0.015652546
35	GCCCTGCC	8	212	0.01557906
36	CGGACCT	7	212	0.01557906
35	AGGTGG	6	212	0.01557906
35	GGGGTTGGGCC	11	211	0.015505574
35	CCCCTTCC	8	211	0.015505574
36	CTCCCT	6	211	0.015505574
36	TCCTCT	6	211	0.015505574
35	GGTCC	5	211	0.015505574
35	GCGTTCCC	8	210	0.015432087
36	TAGCTCTT	8	210	0.015432087
36	TAGGGCT	7	210	0.015432087
36	CCCGTTCT	8	209	0.015358601
35	CCCTC	5	209	0.015358601
35	ACCTCCTT	8	208	0.015285115
35	CCGAGAC	7	208	0.015285115
36	TTCCCTT	7	208	0.015285115
35	CCCCTT	6	208	0.015285115
35	GTGGGCC	7	206	0.015138143
36	TCCGGAT	7	206	0.015138143
35	CGAGAAACCC	10	205	0.015064657
35	AGT	3	205	0.015064657
35	GGTTCAGGAGC	11	204	0.014991171
35	ATGGCC	6	204	0.014991171
36	CCTTTT	6	204	0.014991171
35	ATCCACCC	8	203	0.014917685
35	CCCCCCTT	8	203	0.014917685
35	AGGCTCT	7	203	0.014917685
35	GTCCGGC	7	203	0.014917685
35	AGGAAGGACCC	11	202	0.014844198
35	GACCCCCC	8	202	0.014844198
36	CGCTCGGT	8	202	0.014844198
36	TGCCCCT	7	202	0.014844198
35	ACTCAGTCT	9	201	0.014770712
35	CCTGGTCTC	9	201	0.014770712
35	CCTTACGTC	9	201	0.014770712
35	AGGTCCCC	8	201	0.014770712
35	CGTTAGCC	8	201	0.014770712
35	CCTCGTC	7	201	0.014770712
36	CTCACCT	7	201	0.014770712
35	ATCCCC	6	201	0.014770712
35	GCCCCGGC	8	200	0.014697226
36	CTTCCCCT	8	200	0.014697226
35	ACCCCT	6	200	0.014697226
36	CCTT	4	200	0.014697226
35	CCCCGCC	7	199	0.01462374
36	CCTCTT	6	199	0.01462374
35	GAGGC	5	199	0.01462374
35	GGGAT	5	199	0.01462374
35	GTTCGACCTCGATAC	15	198	0.014550254
35	AGGGGACC	8	198	0.014550254
36	CCAAGGCT	8	198	0.014550254
35	GGCCGG	6	198	0.014550254
36	CGAAACCT	8	197	0.014476768
35	GACCCCT	7	197	0.014476768
35	GCCCGGC	7	197	0.014476768
35	ACT	3	197	0.014476768
36	CC	2	197	0.014476768
35	AGGCCGTTCGGCCC	14	196	0.014403282
36	CCGGTCCCTT	10	196	0.014403282
35	ACCTGCCC	8	196	0.014403282
36	CCTCCTTT	8	196	0.014403282
35	ACGGCC	6	196	0.014403282
35	GTTTCC	6	196	0.014403282
36	TCCTT	5	196	0.014403282
35	GCTTAGAACACCC	13	195	0.014329795
35	GCTTAGCC	8	195	0.014329795
36	TCGGGCCT	8	195	0.014329795
35	CTCGGGC	7	195	0.014329795
35	GGACGGC	7	195	0.014329795
36	TGGCCT	6	195	0.014329795
35	GGCTCCC	7	194	0.014256309
36	TTCCCCT	7	194	0.014256309
35	AGGGCATGAGGGCA	14	193	0.014182823
35	AGCCCTTGCC	10	193	0.014182823
35	AGGTCCT	7	193	0.014182823
35	GACCCCC	7	193	0.014182823
35	ACCGGCAGCCCCA	13	192	0.014109337
35	ACCCTCCCTC	10	192	0.014109337
35	GCGGGACC	8	192	0.014109337
35	GGGTCCCC	8	192	0.014109337
35	GTTGGCC	7	192	0.014109337
36	TCTCCCT	7	192	0.014109337
36	TGCACCG	7	192	0.014109337
35	AGGGGT	6	192	0.014109337
35	ACTTGACC	8	191	0.014035851
35	CTCCCCCT	8	191	0.014035851
36	TCGCCCT	7	191	0.014035851
36	TCGGGCT	7	191	0.014035851
35	GCTCC	5	191	0.014035851
35	AGGCGTTA	8	190	0.013962365
36	TGGAGAGT	8	190	0.013962365
35	CCCCGGC	7	190	0.013962365
