35	CC	2	45569	3.617043738
35	CT	2	18926	1.502253062
35	GT	2	10921	0.866855421
35	GC	2	10562	0.838359761
35	GG	2	8555	0.679053944
36	CT	2	8518	0.676117066
36	TT	2	6220	0.493713096
35	GGGCC	5	5639	0.447596165
35	GCC	3	5320	0.422275509
36	T	1	5134	0.407511742
35	G	1	4923	0.390763596
35	C	1	4921	0.390604846
35	GA	2	3172	0.251777804
35	AGGTGTCT	8	3046	0.241776542
35	CCC	3	3007	0.238680913
35	CG	2	2894	0.229711527
36	TAGACT	6	2659	0.21105838
35	AC	2	2426	0.192563982
35	GGGCCC	6	2381	0.188992103
35	GAGAACGCC	9	2256	0.179070216
35	AGGACGGC	8	2256	0.179070216
35	GGGGGGGC	8	2097	0.166449576
35	GCTCGGTT	8	1942	0.154146436
36	CAGAGTT	7	1899	0.150733307
35	GGGGCC	6	1839	0.145970801
35	GGGCCCC	7	1814	0.143986424
35	GGCCCC	6	1787	0.141843296
35	GTTGGGAT	8	1778	0.14112892
35	GGCTTGCCC	9	1759	0.139620793
35	ACTTAGGCCCT	11	1743	0.138350792
35	GGC	3	1609	0.127714529
35	CTCGCT	6	1541	0.122317023
35	CCTTCCCC	8	1523	0.120888271
35	GGACGGCC	8	1491	0.118348268
36	TCGCCTT	7	1442	0.114458888
35	AACCGGC	7	1376	0.109220132
35	ACCCTCGGCT	10	1363	0.108188256
35	AG	2	1353	0.107394505
35	A	1	1348	0.106997629
35	CTTGGCC	7	1337	0.106124503
35	AGGGGCC	7	1329	0.105489502
36	CCGGGCT	7	1304	0.103505125
35	CAGCGACT	8	1281	0.101679498
36	CGGGACT	7	1250	0.09921887
35	GGAACGAC	8	1248	0.099060119
35	GAAGCCT	7	1237	0.098186993
35	AGAC	4	1234	0.097948868
35	GGGCGTCC	8	1215	0.096440741
35	AGCTGGGCCTC	11	1208	0.095885116
35	ACCCCCCT	8	1198	0.095091365
36	TGGGGCCT	8	1177	0.093424488
35	GCGTTC	6	1167	0.092630737
35	CCCCTTTCCACCTC	14	1165	0.092471987
35	GCCCGGTTCC	10	1162	0.092233861
35	AAGATCCC	8	1158	0.091916361
36	CCCGGGGCCT	10	1154	0.09159886
35	AT	2	1152	0.09144011
35	CCGCCGC	7	1146	0.09096386
36	CCTCGGACCGGGCGT	15	1119	0.088820732
35	AGTCCCT	7	1108	0.087947606
35	ATCTCGGTGCTCCA	14	1102	0.087471356
35	GGCC	4	1093	0.08675698
35	GGGAACCT	8	1089	0.086439479
35	GCCAGCTTTTCCC	13	1084	0.086042604
35	GGCTAGGCC	9	1082	0.085883854
35	GGGAGGCC	8	1072	0.085090103
35	CTTACCAA	8	1069	0.084851977
35	AGCTGCGGAAGCC	13	1064	0.084455102
35	GGTCCCT	7	1054	0.083661351
35	GGGGGT	6	1052	0.083502601
35	GGGC	4	1047	0.083105725
35	CTGGTTCT	8	1036	0.082232599
35	GTTCCTTC	8	1032	0.081915099
36	TAAAGGAAGT	10	1031	0.081835724
35	CCTTGGCG	8	1024	0.081280098
35	GGAACCAC	8	1022	0.081121348
36	CCT	3	1010	0.080168847
35	GGGGAGT	7	1005	0.079771971
36	TTGGGGTCT	9	998	0.079216346
35	GGGTCCC	7	998	0.079216346
35	CCAGGGC	7	989	0.07850197
35	GAACTCAGTC	10	986	0.078263844
35	GGAGGGCC	8	984	0.078105094
35	GGAGGGAC	8	971	0.077073218
35	AGTGGGTC	8	968	0.076835093
35	GCGGACCC	8	967	0.076755718
35	GCTGGCC	7	965	0.076596967
35	GTCTTCGG	8	963	0.076438217
36	CCCCT	5	956	0.075882592
35	ACCCCC	6	954	0.075723841
35	GAAATACC	8	953	0.075644466
35	AGGCTCGT	8	950	0.075406341
35	GCCTGGGT	8	937	0.074374465
35	GACCCC	6	937	0.074374465
35	GCCGCGT	7	936	0.07429509
35	ACCCTGGCCC	10	931	0.073898214
35	GGGCCT	6	923	0.073263213
35	AACCGT	6	914	0.072548838
35	AAGCCCTGGC	10	898	0.071278836
36	TCAGAATT	8	895	0.071040711
35	CCCCC	5	892	0.070802585
35	GCCTGTCCCTT	11	890	0.070643835
35	GACAGGGG	8	885	0.07024696
35	ACTTGAGGGGGGT	13	880	0.069850084
35	GGCCCCCG	8	876	0.069532584
35	AGGGCCC	7	873	0.069294459
35	AGGCCCC	7	855	0.067865707
35	GAC	3	850	0.067468831
35	GGCCC	5	849	0.067389456
35	GGGGCCT	7	843	0.066913206
35	CCCC	4	842	0.066833831
35	GGAGGGGGA	9	836	0.06635758
35	GGCCCCCC	8	834	0.06619883
35	GGAAGGTT	8	831	0.065960705
36	AGTGGTCT	8	829	0.065801954
35	GCCCCC	6	818	0.064928828
35	ACTGGGCC	8	816	0.064770078
35	GCCTTCCC	8	815	0.064690703
35	GCCCCAGG	8	812	0.064452578
35	AGGCGCCC	8	811	0.064373203
35	ACCCCCCC	8	810	0.064293828
36	CCCATCTT	8	809	0.064214452
35	CTTCCCC	7	805	0.063896952
35	CGGCCCGGTC	10	802	0.063658827
35	GCCTCCGTCC	10	801	0.063579452
35	ATCTGCCT	8	801	0.063579452
35	CGTCATTCT	9	788	0.062547575
35	AAACACCGAGAC	12	777	0.061674449
35	GTCTTTTTCAC	11	777	0.061674449
35	CCACCTGA	8	773	0.061356949
35	GTTCGAGC	8	773	0.061356949
35	AACCCCTTCAGT	12	771	0.061198199
35	AGTCGGGCC	9	771	0.061198199
35	GCCCCCC	7	767	0.060880698
35	GTCAGTC	7	760	0.060325073
35	CCAGGGG	7	759	0.060245698
35	GACGGGTC	8	754	0.059848822
35	CCGGGCCT	8	750	0.059531322
35	GGCCT	5	745	0.059134446
35	ACTTTCCT	8	740	0.058737571
35	CCCAAGAC	8	740	0.058737571
35	CCGGTCCC	8	732	0.05810257
35	CCTGGCCC	8	732	0.05810257
36	CGGCCCCT	8	732	0.05810257
35	CCCTCTGG	8	729	0.057864445
35	GGGCCCT	7	728	0.05778507
35	CCCCTGTT	8	726	0.05762632
35	GGGCCTT	7	726	0.05762632
35	AGGGGACT	8	714	0.056673818
35	GTCCCC	6	709	0.056276943
35	AAGCCTCT	8	700	0.055562567
35	ATCTGTGCC	9	692	0.054927566
35	AGGGCCCC	8	687	0.054530691
35	GTCAGGGA	8	687	0.054530691
35	GCCCCTCCCT	10	686	0.054451316
35	GACCTAGTC	9	674	0.053498815
35	GGATGCCT	8	673	0.053419439
35	AGGCC	5	668	0.053022564
35	GCCC	4	668	0.053022564
35	CCCCGCCC	8	661	0.052466938
35	GGCCGGGGCCT	11	658	0.052228813
35	GGGGC	5	655	0.051990688
35	GAGCCCTT	8	653	0.051831938
36	CTTAGGCT	8	650	0.051593812
35	AGACCCCC	8	646	0.051276312
35	AGGGAAAC	8	646	0.051276312
35	GGGGGCC	7	646	0.051276312
35	GTCCGACTCC	10	645	0.051196937
35	GGCCGGGTC	9	643	0.051038187
35	GACTCCGTC	9	641	0.050879436
35	AGATCTCGGCCCC	13	640	0.050800061
35	ACCGAGCC	8	638	0.050641311
36	CAGGCTT	7	635	0.050403186
35	AATGTTCT	8	634	0.050323811
35	GGGAACCC	8	634	0.050323811
35	GTCCGG	6	628	0.04984756
35	AGCCCCTT	8	623	0.049450685
35	CGGAGCTG	8	621	0.049291934
35	GTTGCC	6	617	0.048974434
35	GCCTAGCC	8	612	0.048577559
35	GTTGAGGACC	10	611	0.048498184
35	GGTTCCTGGGCC	12	608	0.048260058
35	GGGTCCCC	8	607	0.048180683
35	GGGCCCCT	8	605	0.048021933
35	GCCCCGGGTCC	11	602	0.047783808
35	AGGTGCCCCCC	11	601	0.047704433
35	AACCTCCC	8	599	0.047545682
35	GCCTCCCC	8	598	0.047466307
36	TCGGGTCAT	9	593	0.047069432
35	AACCGTACCC	10	588	0.046672556
35	AGGGCCA	7	585	0.046434431
35	CGGCGGGCTC	10	584	0.046355056
35	GCTTGCCC	8	584	0.046355056
35	GCCTGT	6	577	0.04579943
35	GGGCCTTTCTCCC	13	575	0.04564068
35	CCCGCCT	7	575	0.04564068
35	GCTATACCCT	10	574	0.045561305
35	GGGGCTC	7	572	0.045402555
35	GGCCTCGC	8	571	0.04532318
36	ACGGCCT	7	570	0.045243805
35	GGGGGG	6	567	0.045005679
35	GTCTCTAAGTT	11	566	0.044926304
35	CA	2	565	0.044846929
35	GTCTCC	6	562	0.044608804
35	AGGTGGTG	8	557	0.044211928
35	ACGCTCCT	8	554	0.043973803
35	GAGGGCC	7	550	0.043656303
35	GTCCTGCC	8	547	0.043418177
35	CCCTGGGC	8	542	0.043021302
36	ACCGGGT	7	539	0.042783177
35	GCCCTGCC	8	538	0.042703802
35	CCCCCT	6	535	0.042465676
35	CTGGGCGCCCCT	12	534	0.042386301
35	AGCGCCCT	8	532	0.042227551
35	GGCCCCC	7	530	0.042068801
35	GGGGGC	6	529	0.041989426
35	GAGGCC	6	528	0.041910051
35	AAGGTCCC	8	527	0.041830675
35	ACCGGTCGTGGGC	13	525	0.041671925
35	ATCTCCCC	8	525	0.041671925
35	AGATCTCGGCCCCC	14	523	0.041513175
35	GGCCTGCCC	9	522	0.0414338
35	AGCCGGGA	8	522	0.0414338
35	AGTCATTCCC	10	518	0.0411163
36	CCCT	4	517	0.041036925
35	GCCCCCCC	8	515	0.040878174
35	GTTTTCT	7	515	0.040878174
35	AAGGGCCC	8	514	0.040798799
35	GCCCCGGG	8	513	0.040719424
35	GGGTGCCC	8	513	0.040719424
35	GCTCCC	6	511	0.040560674
35	GGAGGGGGCC	10	507	0.040243174
35	GGCCGC	6	503	0.039925673
35	GTCCGGCC	8	499	0.039608173
35	AGGGGCCC	8	493	0.039131922
35	ATCTGTGCCC	10	492	0.039052547
35	AACCCCTT	8	492	0.039052547
36	CTGCCCTCAGTCT	13	489	0.038814422
36	CGCTCATT	8	489	0.038814422
35	GGCCTCGACC	10	488	0.038735047
35	CCCGAAA	7	486	0.038576297
35	GGAATGC	7	485	0.038496921
35	AGGGCC	6	485	0.038496921
35	CCGGGTCC	8	484	0.038417546
35	CTC	3	484	0.038417546
35	GCCCC	5	482	0.038258796
35	ACC	3	481	0.038179421
35	CAAGGCCC	8	476	0.037782546
36	TGGGAT	6	476	0.037782546
35	GTAAAGGC	8	472	0.037465045
35	GTCTTAAGGG	10	468	0.037147545
35	GCCGAAT	7	467	0.03706817
35	CCCTTT	6	465	0.03690942
35	AACCCCC	7	464	0.036830044
36	CTGGAAT	7	464	0.036830044
35	GGGCCGGGGC	10	463	0.036750669
35	CACCCGT	7	463	0.036750669
35	AGGGGTCG	8	462	0.036671294
35	CCT	3	461	0.036591919
35	CCTGCCCC	8	458	0.036353794
35	CCCCCCC	7	457	0.036274419
35	AGGAGGTT	8	455	0.036115669
35	GGGGCCC	7	455	0.036115669
35	AGAGGAGGCCT	11	454	0.036036293
35	GGGGACCT	8	452	0.035877543
35	GTTCCGTC	8	452	0.035877543
36	CGCTCT	6	452	0.035877543
35	GGGGCCCC	8	451	0.035798168
35	GCCCTTCGAAGGGC	14	450	0.035718793
36	ACCAACCTACTCCT	14	448	0.035560043
35	GGTCTAGA	8	448	0.035560043
35	ACCTTGCCCCTC	12	447	0.035480668
35	ACCTCTTGGTC	11	445	0.035321918
35	GGCCGGGC	8	445	0.035321918
35	CCTGGCGT	8	444	0.035242543
36	CTTTCTT	7	444	0.035242543
35	GGCTCTGGTAACGC	14	442	0.035083792
35	AGGCCC	6	442	0.035083792
35	GGGGCTCC	8	441	0.035004417
35	GTCTTAAGG	9	439	0.034845667
35	GCCCGGT	7	439	0.034845667
35	CTAGCCCT	8	436	0.034607542
36	CGGGCT	6	436	0.034607542
35	CTATGGGGTC	10	434	0.034448792
35	AGCCGCCT	8	434	0.034448792
35	GTGATAAC	8	434	0.034448792
35	AGGCCGGGGAGCCT	14	432	0.034290041
36	CCCCACCTTT	10	432	0.034290041
35	AA	2	430	0.034131291
35	CCTGGCGTCC	10	429	0.034051916
35	GCCCGGAGCC	10	429	0.034051916
35	GTTCGGTCT	9	429	0.034051916
35	GGACCCC	7	424	0.033655041
35	CGTCCCC	7	423	0.033575666
36	ATTCCCT	7	423	0.033575666
35	GCCCCT	6	422	0.03349629
35	GGGCCTGGGCT	11	420	0.03333754
35	GCCCCGGGC	9	419	0.033258165
35	AGGGGC	6	414	0.03286129
35	CCCCTAGGTTCGGGT	15	412	0.032702539
35	ACGGGGCG	8	412	0.032702539
35	CTAACCT	7	412	0.032702539
35	GGG	3	412	0.032702539
35	GGCTTGCC	8	410	0.032543789
35	AGCTCCGGC	9	408	0.032385039
35	GACTC	5	407	0.032305664
35	GTTAGGTC	8	404	0.032067539
35	CCCCTGTTTAAGC	13	403	0.031988164
35	GGTCCCCT	8	403	0.031988164
35	GCCCGCCC	8	402	0.031908788
35	GGGCCGCCCT	10	400	0.031750038
35	ACCTCCCG	8	400	0.031750038
36	CTAAGCCTTCT	11	399	0.031670663
36	CGGACACCCT	10	399	0.031670663
35	CCCGACAGGCC	11	398	0.031591288
35	ACCC	4	398	0.031591288
35	CGCTTATAGCTT	12	396	0.031432538
35	GGTTAGGGCCT	11	396	0.031432538
35	GCCTCGGG	8	396	0.031432538
36	CCTCGTCT	8	395	0.031353163
36	CGGAGGCT	8	394	0.031273788
35	ACGAAGG	7	393	0.031194413
35	CGCCCTCGGA	10	392	0.031115038
35	GGCCGGGGCCCC	12	391	0.031035662
35	CCGTTGCTGGAAGGC	15	390	0.030956287
35	GCACCTCTCGGAC	13	390	0.030956287
35	GGCTGGC	7	388	0.030797537
35	GGGGAGC	7	388	0.030797537
35	GGGGGCCCTGTC	12	386	0.030638787
35	GCCT	4	386	0.030638787
35	ATCGGCCCCT	10	385	0.030559412
35	GTCCCCTCGCT	11	384	0.030480037
35	GCGGTCCC	8	384	0.030480037
35	GGAGGC	6	384	0.030480037
35	GCTCCCCT	8	383	0.030400662
35	GCTCCCC	7	381	0.030241911
35	GGGAGCC	7	381	0.030241911
35	GGGGGGC	7	380	0.030162536
35	CCTTTT	6	380	0.030162536
35	GCCTCGGCCC	10	379	0.030083161
35	GAGGGGCA	8	378	0.030003786
35	GCCTGCCT	8	378	0.030003786
35	GGT	3	378	0.030003786
35	CCCCTGCC	8	376	0.029845036
35	GTATTCAA	8	375	0.029765661
35	AAAAGCACAAT	11	374	0.029686286
35	GGTCCCC	7	374	0.029686286
35	GCCGGGGGTCCTC	13	372	0.029527536
35	ACGAGGCGTT	10	372	0.029527536
35	GGGGCGGG	8	370	0.029368785
35	CTACCCC	7	370	0.029368785
35	AACTGAGCACGAAC	14	369	0.02928941
35	GCGGACTCCC	10	369	0.02928941
36	CTTCTCCTCT	10	369	0.02928941
35	GCT	3	369	0.02928941
35	GGTCCCTCCT	10	367	0.02913066
35	AGGCCCCC	8	367	0.02913066
35	AGGGGCT	7	367	0.02913066
36	CGGACACCCCCT	12	363	0.02881316
35	GGGGGGA	7	363	0.02881316
36	CTAACT	6	363	0.02881316
35	AAGTTGGC	8	362	0.028733785
36	CGGCCCT	7	362	0.028733785
35	AGGTCGGG	8	361	0.02865441
35	GTCCGC	6	359	0.028495659
35	AGGTTTCT	8	357	0.028336909
35	CTCCCC	6	356	0.028257534
35	AGG	3	352	0.027940034
35	GTC	3	352	0.027940034
36	TAGAGACT	8	351	0.027860659
35	GGGGAGCT	8	350	0.027781284
35	GCCCTCCGCT	10	349	0.027701908
35	GGGGCGG	7	349	0.027701908
35	GACTCC	6	349	0.027701908
35	GCCTCTAAC	9	348	0.027622533
35	GCTCTTCGTAGGA	13	347	0.027543158
35	CCCCCCCT	8	347	0.027543158
36	AGGGCCCT	8	347	0.027543158
35	CGGCC	5	347	0.027543158
35	CCTTGAGGATCAGCC	15	344	0.027305033
36	CACCTGGGGCCTT	13	343	0.027225658
36	TCCCCCT	7	343	0.027225658
35	GTTTGGGGAGC	11	342	0.027146283
35	GGTCCCGGCC	10	342	0.027146283
35	GGTCACC	7	341	0.027066908
35	ACCCC	5	341	0.027066908
35	CTCCC	5	341	0.027066908
35	GACCC	5	339	0.026908157
35	AGCCCCC	7	338	0.026828782
36	CGGGATCCCCT	11	337	0.026749407
35	AACCCTCGGC	10	337	0.026749407
35	ACCGGGTAT	9	337	0.026749407
35	AGGTAAGA	8	337	0.026749407
36	CCCCCT	6	337	0.026749407
36	CTT	3	336	0.026670032
35	GGCTCTGAGGCCT	13	335	0.026590657
35	CCCTCCC	7	335	0.026590657
35	GGCCCCT	7	335	0.026590657
35	GTTCCCC	7	335	0.026590657
35	CCCCCC	6	335	0.026590657
35	AGGGGGG	7	333	0.026431907
35	GGGTCT	6	333	0.026431907
35	CCCCCCCC	8	332	0.026352532
36	CCTCCTTT	8	330	0.026193782
35	GGGGGGT	7	330	0.026193782
35	CCCCTGC	7	329	0.026114407
35	AGACTGAGAC	10	328	0.026035031
36	CCCGCCT	7	328	0.026035031
35	GCCGGGC	7	327	0.025955656
35	ACTCCTCCCC	10	326	0.025876281
35	CTT	3	325	0.025796906
35	GTTTTCTT	8	323	0.025638156
35	CTCTGGAC	8	322	0.025558781
35	ACCCTCCCT	9	321	0.025479406
35	GCGGGCC	7	321	0.025479406
35	ACCCTTGTTCCGGGC	15	320	0.025400031
35	GTTCGCC	7	320	0.025400031
35	GGGTCC	6	318	0.02524128
36	TCTGACAT	8	317	0.025161905
35	AGCCCCGC	8	316	0.02508253
35	GTAGGCC	7	315	0.025003155
35	GCCCGCGGTCT	11	314	0.02492378
35	AGTCGCCC	8	313	0.024844405
35	GCCCTCCC	8	313	0.024844405
36	CCCTTT	6	313	0.024844405
35	GGACCCCC	8	312	0.02476503
36	CCCCCCCT	8	312	0.02476503
35	GCTCTTCGTT	10	311	0.024685655
35	GTCCGACTCCGGGC	14	310	0.02460628
35	GCTGC	5	310	0.02460628
35	CGGGGCT	7	309	0.024526905
35	ACCCTCGG	8	307	0.024368154
35	AGGCACCG	8	307	0.024368154
35	GGCCCT	6	306	0.024288779
35	GAGGGCCC	8	305	0.024209404
35	GCCCCCAGTACCC	13	304	0.024130029
35	GGGCGGCC	8	304	0.024130029
35	GGGGGGCA	8	304	0.024130029
35	AGAGCACGAGAC	12	303	0.024050654
35	AAGGGAC	7	303	0.024050654
35	GCCCGCC	7	303	0.024050654
35	GCTTGCC	7	303	0.024050654
35	GGGCCCCC	8	302	0.023971279
35	GGACTCGC	8	301	0.023891904
35	CACCTGA	7	301	0.023891904
35	GGGTCCCT	8	300	0.023812529
35	GCCTCGGGCCC	11	299	0.023733154
35	AGCCCCCC	8	299	0.023733154
35	GCCCCCCCCGGA	12	295	0.023415653
35	CCCGGCCT	8	295	0.023415653
35	GGGCCCCGGTCC	12	294	0.023336278
35	GTCTCCGT	8	294	0.023336278
35	AGGTCCC	7	294	0.023336278
35	CCCGTCCC	8	293	0.023256903
35	CTTGGGGC	8	293	0.023256903
35	GATCCTT	7	293	0.023256903
35	AGCCCCTC	8	292	0.023177528
35	AGCCCC	6	292	0.023177528
35	GGGACCCC	8	291	0.023098153
35	GGTCC	5	291	0.023098153
35	GGCCGTCCCCT	11	290	0.023018778
35	CCTGTCCC	8	290	0.023018778
35	GGCCCGGCGC	10	289	0.022939403
35	GGTATCGC	8	289	0.022939403
36	CCCTAGAT	8	289	0.022939403
35	CTCTAAC	7	289	0.022939403
35	CGCCCCCTTGGGC	13	288	0.022860028
35	CGTCCCCT	8	288	0.022860028
35	ACCCCCC	7	288	0.022860028
35	GAGAACT	7	288	0.022860028
35	CGACTTGAAGGCC	13	286	0.022701277
36	TCCGGCCTT	9	286	0.022701277
35	GCTCTAAC	8	286	0.022701277
36	TA	2	286	0.022701277
35	GGGCCGGGGGTC	12	285	0.022621902
35	CTTCCGCT	8	285	0.022621902
35	GTCCGGGG	8	285	0.022621902
35	GGCCGGT	7	285	0.022621902
35	GCTGGGGG	8	284	0.022542527
36	CCCGGGCT	8	284	0.022542527
35	AAGCTGCC	8	283	0.022463152
35	GCCGAGC	7	283	0.022463152
35	CCTCCGGGTCCCGG	14	282	0.022383777
35	GACGTTCCT	9	282	0.022383777
35	GTGGCCC	7	282	0.022383777
35	GGCCCGTTCGGCC	13	281	0.022304402
35	GGGACTAGGAA	11	281	0.022304402
35	GGTGGCCTC	9	281	0.022304402
35	GCTACCACCCGGTC	14	280	0.022225027
35	GGCGACCC	8	280	0.022225027
35	GGGGGCG	7	280	0.022225027
35	AGGGGCCT	8	279	0.022145652
35	AGGGTCCC	8	279	0.022145652
35	CTTTCCC	7	278	0.022066277
35	GACC	4	278	0.022066277
35	GAGGACTTT	9	277	0.021986902
35	ACCCCGAC	8	277	0.021986902
35	ACCCAGACCCT	11	276	0.021907526
35	GGCTTCGAC	9	276	0.021907526
35	CCAGGAAC	8	276	0.021907526
35	GGCCACCC	8	276	0.021907526
35	GCGTTCG	7	276	0.021907526
36	CCCCTT	6	276	0.021907526
35	AGGCCGGTCC	10	275	0.021828151
35	GTTCCCGGCCCC	12	274	0.021748776
35	GGAGGCGCC	9	274	0.021748776
35	GGGAAGGA	8	274	0.021748776
36	CAGGGGAT	8	274	0.021748776
35	GGTTCCC	7	274	0.021748776
36	TTCCACGTTGGACCT	15	273	0.021669401
35	GCCCCGGGGAA	11	273	0.021669401
36	TGTGGCTT	8	273	0.021669401
35	CCTAACT	7	273	0.021669401
36	CCCCCCT	7	273	0.021669401
35	GCCCTC	6	273	0.021669401
36	TCCCT	5	273	0.021669401
35	GCCTCCC	7	272	0.021590026
35	GATCGTCC	8	271	0.021510651
35	AGGGAAAA	8	270	0.021431276
35	CCCCCCT	7	269	0.021351901
35	CTTGGTC	7	269	0.021351901
35	GCCCCCT	7	269	0.021351901
35	GTCGCC	6	269	0.021351901
36	CGGCCT	6	269	0.021351901
35	GCCTCAAAGGC	11	268	0.021272526
35	GGGTTCCC	8	268	0.021272526
35	ACCGGTCGTGGGCTC	15	266	0.021113775
36	TAAAGGAAGCTTT	13	266	0.021113775
35	CCCGGAAACT	10	266	0.021113775
35	CCCCGGGA	8	266	0.021113775
35	GCCTGCC	7	266	0.021113775
35	ACTTCT	6	266	0.021113775
35	GGCTCC	6	266	0.021113775
35	GGCCGGAAACCT	12	265	0.0210344
35	GTTCGGCCCC	10	265	0.0210344
35	GTTCCGGG	8	265	0.0210344
35	AGGTGTCGGGCT	12	264	0.020955025
35	AGTTTAAGGAC	11	264	0.020955025
35	GATGCTCGTCA	11	264	0.020955025
35	CCCCGCCT	8	264	0.020955025
35	GTTCCTT	7	264	0.020955025
35	GTAT	4	264	0.020955025
36	TCTGTCTTT	9	263	0.02087565
36	CCTGTT	6	263	0.02087565
36	CTAGTT	6	263	0.02087565
35	GGCT	4	263	0.02087565
36	CCTGGCCCAACG	12	262	0.020796275
36	CGCACTTTT	9	262	0.020796275
35	GAGGGGCT	8	262	0.020796275
35	GGCCTCCC	8	262	0.020796275
35	AGGGGTC	7	262	0.020796275
35	CTCGCTT	7	262	0.020796275
36	CGCCCCT	7	262	0.020796275
36	CGGGTCT	7	262	0.020796275
35	GGGGGA	6	262	0.020796275
35	AGACGCCT	8	261	0.0207169
35	GGTCCC	6	261	0.0207169
36	CTCCCT	6	261	0.0207169
35	AGCCCTCC	8	260	0.020637525
35	CCCCGGGG	8	260	0.020637525
35	GCCGCCCC	8	260	0.020637525
35	GGGGCT	6	260	0.020637525
36	CGGGCTCT	8	259	0.02055815
35	AGGACCC	7	259	0.02055815
35	GTTAGAC	7	259	0.02055815
35	AGTTCCT	7	258	0.020478775
36	AGGCCTGT	8	257	0.0203994
35	GCCCGGC	7	257	0.0203994
36	TATCTCCTTCTT	12	256	0.020320025
35	ACGGGGC	7	256	0.020320025
36	TAGAGCTCTAACT	13	255	0.020240649
35	ACCTGACC	8	255	0.020240649
36	TCGGCCT	7	255	0.020240649
35	AGGGGCTC	8	254	0.020161274
35	GTCAGAC	7	254	0.020161274
35	CCGCCG	6	254	0.020161274
35	GCCCT	5	254	0.020161274
35	AGGGGGGTGTTCC	13	253	0.020081899
35	GCCTCCGGGC	10	253	0.020081899
35	GTCCCCCC	8	253	0.020081899
36	CAAGCCT	7	253	0.020081899
35	AGGCCACGGGC	11	252	0.020002524
35	CGTCGCTTCCGC	12	251	0.019923149
35	GGTCGTTCCGCCC	13	249	0.019764399
35	AGCGCCTCCCC	11	249	0.019764399
35	ACCCGAGC	8	249	0.019764399
35	AGGCCGGT	8	249	0.019764399
36	CCCGCCCT	8	249	0.019764399
35	GTCCC	5	249	0.019764399
35	GGTTCCTC	8	248	0.019685024
35	GACCCGC	7	248	0.019685024
36	AGGGCCT	7	248	0.019685024
35	AAACACTGAGAC	12	246	0.019526274
35	ACCCTAGG	8	246	0.019526274
35	AGGGTCC	7	246	0.019526274
35	CCCCGGC	7	246	0.019526274
35	CGGGGGC	7	246	0.019526274
36	CCCGGGAT	8	245	0.019446898
35	GGCCCCACTGACCC	14	243	0.019288148
35	GCCCCTCC	8	243	0.019288148
35	AGCC	4	243	0.019288148
35	GGATGGCC	8	242	0.019208773
35	AGACCCC	7	242	0.019208773
35	GGCCTGGCT	9	241	0.019129398
35	GGGGCCCT	8	241	0.019129398
35	AGGGACC	7	241	0.019129398
35	CCGCCC	6	241	0.019129398
35	CCTCCC	6	241	0.019129398
35	GAGGGC	6	241	0.019129398
35	GTCC	4	241	0.019129398
35	ACCCCCCAAGCCCA	14	240	0.019050023
35	AGGCCCT	7	240	0.019050023
35	AGC	3	240	0.019050023
35	CCTCTTCGGC	10	239	0.018970648
35	ACGTTCCT	8	239	0.018970648
35	GCCCTCCT	8	239	0.018970648
35	CTGGGCT	7	239	0.018970648
35	CCCT	4	239	0.018970648
35	CGGCCCGGGACC	12	238	0.018891273
35	ACTTGCGG	8	238	0.018891273
35	GCTGCCCC	8	238	0.018891273
35	GCTGCCC	7	238	0.018891273
35	GGGGACC	7	236	0.018732523
36	CTCTT	5	236	0.018732523
35	CCCCTGGACCT	11	235	0.018653148
36	AAGAAACT	8	235	0.018653148
35	CTAAGGT	7	235	0.018653148
35	GCGGCC	6	235	0.018653148
37	TG	2	235	0.018653148
35	AAGGGAAA	8	234	0.018573772
35	GCCCTCTC	8	234	0.018573772
35	GGCGGGCC	8	234	0.018573772
35	GTTGCGCCC	9	233	0.018494397
35	GAGGGAAA	8	233	0.018494397
35	GTCGCCAGCC	10	232	0.018415022
36	CCCCGCCT	8	232	0.018415022
35	AAAACGCCCCCC	12	231	0.018335647
35	GTCAGGGC	8	231	0.018335647
35	AGACCCG	7	231	0.018335647
35	CCCAAGC	7	231	0.018335647
35	GGCGCC	6	231	0.018335647
35	ATCTCCCGACT	11	230	0.018256272
35	CGGAAGAGGAC	11	230	0.018256272
35	CTTGGAAGGC	10	230	0.018256272
35	ACGAGAGC	8	230	0.018256272
35	AAAACGCCCCCCCCC	15	229	0.018176897
35	GAGTCCCT	8	229	0.018176897
35	GGCTCCCC	8	229	0.018176897
35	GGAAAGA	7	229	0.018176897
35	CCCCT	5	229	0.018176897
35	AGGGGGC	7	228	0.018097522
35	CTGGGCC	7	228	0.018097522
35	GGGCAGG	7	228	0.018097522
35	CTCCGGTCC	9	227	0.018018147
35	GGGCGC	6	227	0.018018147
35	AAC	3	227	0.018018147
35	ACCTCGCCTC	10	225	0.017859397
35	GGTGGCC	7	225	0.017859397
36	CAGAGTACTCCCT	13	224	0.017780021
35	GCTTGGCCCCC	11	224	0.017780021
35	AGGCCCCACC	10	224	0.017780021
35	GCTCCCCCCC	10	224	0.017780021
35	GGGCCGGC	8	224	0.017780021
35	AGGGGCTCAGCTC	13	223	0.017700646
35	CTCTAGTC	8	223	0.017700646
36	TAGACCT	7	223	0.017700646
35	ATCTCGGATCT	11	222	0.017621271
35	GCCCGGGC	8	222	0.017621271
35	GGCCCTGC	8	222	0.017621271
35	CCGCCCC	7	222	0.017621271
35	CCGGTC	6	222	0.017621271
35	CTGGTGGTTAGGC	13	221	0.017541896
35	GCCCGGCCT	9	221	0.017541896
35	GGCGGCCT	8	221	0.017541896
35	GGTCGAGGC	9	220	0.017462521
35	ATCGCT	6	220	0.017462521
35	GCCCGC	6	220	0.017462521
35	GACCCCC	7	219	0.017383146
35	CCTGTTTGGACC	12	218	0.017303771
35	GCTACCACCCC	11	217	0.017224396
35	AACCGTCCT	9	217	0.017224396
35	CCCGGTCC	8	217	0.017224396
35	GGGTCTCC	8	217	0.017224396
35	CGCCC	5	217	0.017224396
35	GCCCGAAGGA	10	216	0.017145021
36	CTCGGTCTT	9	216	0.017145021
35	GTCCCGCC	8	216	0.017145021
35	CCCCTAC	7	216	0.017145021
35	CTTCCCT	7	215	0.017065646
35	CTTGCCC	7	215	0.017065646
36	CCCTT	5	215	0.017065646
35	GGTTAGTGCC	10	214	0.01698627
35	CCCCTGGA	8	214	0.01698627
36	TTT	3	214	0.01698627
35	ACCCCCTC	8	213	0.016906895
36	CCTGCCCT	8	213	0.016906895
36	TAATATT	7	213	0.016906895
35	GTTAGG	6	213	0.016906895
35	GTTTAGCCCC	10	212	0.01682752
35	CCTGGGGT	8	212	0.01682752
36	TGCTCCCT	8	212	0.01682752
35	GATAGGC	7	212	0.01682752
35	GCTTGGCCTC	10	210	0.01666877
36	TGGCGTT	7	210	0.01666877
35	CCCCTGGACCTGTCT	15	209	0.016589395
36	CCCGGCCCCTGGGT	14	209	0.016589395
36	AGCTCCATGCCT	12	208	0.01651002
35	GCCTCTGGC	9	208	0.01651002
35	CTCCCCC	7	208	0.01651002
35	GGGGGTC	7	208	0.01651002
35	GGCGGC	6	208	0.01651002
35	CCAATCAGGCT	11	207	0.016430645
35	GGGCTTGCCAC	11	207	0.016430645
35	GGGACCCT	8	207	0.016430645
35	GGGGAGCC	8	207	0.016430645
35	CCCGACT	7	207	0.016430645
35	GGTTCAAGGC	10	206	0.01635127
35	GAGAGCCC	8	206	0.01635127
35	GCGGCCC	7	206	0.01635127
35	ATTCCCCC	8	205	0.016271895
36	CGGTCTAT	8	205	0.016271895
36	TTTT	4	205	0.016271895
35	GACCTCGGCT	10	204	0.01619252
35	AGGTCCCC	8	204	0.01619252
36	CCCCGGCT	8	204	0.01619252
35	GGACCC	6	204	0.01619252
35	GTCCCT	6	204	0.01619252
35	CCTAAAAGCC	10	203	0.016113144
35	CTGCCCCT	8	203	0.016113144
35	GCTCGCCC	8	203	0.016113144
35	GGCCGGCC	8	203	0.016113144
35	GGGCGCCC	8	203	0.016113144
35	GGGGCACC	8	203	0.016113144
35	ACCCTAGGGTCCT	13	202	0.016033769
35	GGGCGCC	7	202	0.016033769
36	TGGGACT	7	201	0.015954394
35	GGTCCTTGCT	10	200	0.015875019
35	GGGTAGAC	8	200	0.015875019
36	CGCCCTT	7	200	0.015875019
35	GTTCTT	6	200	0.015875019
35	ACTCAGGGCCC	11	199	0.015795644
35	CCCTAGCC	8	199	0.015795644
35	GACGCC	6	199	0.015795644
36	TGCTCT	6	199	0.015795644
35	ACT	3	199	0.015795644
35	GCTACCTAAATCC	13	198	0.015716269
35	ACTGGCCT	8	198	0.015716269
35	AGATCTCG	8	198	0.015716269
35	GGCCGCCC	8	198	0.015716269
35	GGGGGCCT	8	198	0.015716269
35	CCTTCCC	7	198	0.015716269
35	AGACTGAGCTCTAAC	15	197	0.015636894
35	GGTCCTTGCTGCATT	15	197	0.015636894
35	AAGGGACCTA	10	197	0.015636894
35	GCCCTTCCC	9	197	0.015636894
35	GTCGGGGCC	9	197	0.015636894
35	ACCGGTTC	8	197	0.015636894
35	AGGGGGCC	8	197	0.015636894
35	CCAGGGCC	8	197	0.015636894
35	CCCAAGCT	8	197	0.015636894
35	GGGGGACC	8	197	0.015636894
35	GGGGGGG	7	197	0.015636894
36	TCCCCT	6	197	0.015636894
35	ACCCTCAATCCG	12	196	0.015557519
35	ACCGGTTT	8	196	0.015557519
35	GGGGGGAC	8	196	0.015557519
36	CTTGCCCT	8	196	0.015557519
35	GGCGCCC	7	196	0.015557519
35	GTTCTTT	7	196	0.015557519
35	GGGGTT	6	196	0.015557519
35	ACCGGGAGGTC	11	195	0.015478144
35	ACGCTCCC	8	195	0.015478144
35	AAAACACGAGAC	12	194	0.015398769
35	GGGGGTTT	8	194	0.015398769
35	AGGGGGA	7	194	0.015398769
35	CCGGGCC	7	194	0.015398769
35	ACCTTGTCCC	10	193	0.015319393
35	GTCTCCC	7	193	0.015319393
35	GGGAACTCTGAGCC	14	192	0.015240018
35	GCCCGGTTTGGGT	13	192	0.015240018
35	CGTGATCTCCGC	12	192	0.015240018
35	GACGGGCCGGT	11	192	0.015240018
35	GACGGGTCTCC	11	192	0.015240018
36	TAGCTCTAACT	11	192	0.015240018
35	GGCCTCGGA	9	192	0.015240018
35	CTTTGCTC	8	192	0.015240018
35	GTCCTCCC	8	192	0.015240018
35	GGGGGAC	7	192	0.015240018
36	CCTGGG	6	192	0.015240018
36	CCGGTACCCT	10	191	0.015160643
35	ATCGGACC	8	191	0.015160643
35	GGTCTCCC	8	191	0.015160643
35	GTTCCCGA	8	191	0.015160643
35	GGGGCTT	7	191	0.015160643
35	AAGTCCAGGCA	11	190	0.015081268
35	AGTCGTGT	8	190	0.015081268
35	AACCGCC	7	189	0.015001893
35	AGTCCCC	7	189	0.015001893
35	AGACGT	6	189	0.015001893
35	GGGTGC	6	189	0.015001893
36	CGCCCT	6	189	0.015001893
35	AGGCTCCCACCATT	14	188	0.014922518
35	GGGGAGTTCC	10	188	0.014922518
35	ATCCCCCC	8	188	0.014922518
35	ATCCGCCC	8	188	0.014922518
35	GCCTCGGGAGGGC	13	187	0.014843143
35	GGCAAAGGCC	10	187	0.014843143
35	AGTCCCCT	8	187	0.014843143
35	CCTAGCCT	8	187	0.014843143
35	ATTTTCCCGCGCT	13	186	0.014763768
35	CCCCTTTCCTCTC	13	186	0.014763768
35	GTTTTCGGC	9	186	0.014763768
35	GGCCCCCT	8	186	0.014763768
36	CTTGGTTT	8	186	0.014763768
35	CCGGTCT	7	186	0.014763768
35	GCCTCC	6	186	0.014763768
36	CCCCCTGGCGGGGT	14	185	0.014684393
35	AGGCCTAGGT	10	185	0.014684393
35	GGGTCCCCCC	10	185	0.014684393
36	TCTAGCCTT	9	185	0.014684393
35	AGGTTGGA	8	185	0.014684393
35	GCCAGGGG	8	185	0.014684393
35	GGGAGCCC	8	185	0.014684393
36	ACCCCCT	7	185	0.014684393
36	TGGTGCT	7	185	0.014684393
36	TGCCCT	6	185	0.014684393
35	GAGCCCGTCC	10	184	0.014605018
35	GCCCGGGG	8	184	0.014605018
35	GGCTCCGGCCCC	12	183	0.014525643
35	CCGGACCC	8	183	0.014525643
35	GGCCGCCT	8	183	0.014525643
35	GAGCC	5	183	0.014525643
35	CTTGGCT	7	182	0.014446267
36	CGGGCTT	7	182	0.014446267
35	CGTCCAGGCTGGGGA	15	181	0.014366892
35	GGCTGCTCCC	10	181	0.014366892
35	ACCCCGGG	8	181	0.014366892
35	GGAACCCC	8	181	0.014366892
35	GGCCACCA	8	181	0.014366892
35	GGTCCGGC	8	181	0.014366892
35	GCGGGC	6	181	0.014366892
35	GGGGAC	6	181	0.014366892
36	TAGTTAGCTCTAACT	15	180	0.014287517
36	CCCCCAACTGT	11	180	0.014287517
35	GGCTTCAGC	9	180	0.014287517
35	GGGCCGT	7	180	0.014287517
35	AGGCCT	6	180	0.014287517
35	GCACTGAGGCCAC	13	179	0.014208142
35	GGGCCCCGGGGG	12	179	0.014208142
35	GGCGGGGA	8	179	0.014208142
35	CTTTAAC	7	179	0.014208142
35	GGCCGCC	7	179	0.014208142
35	GGCTCCC	7	179	0.014208142
35	CCCCGC	6	179	0.014208142
35	GGCTGCTCCGGA	12	178	0.014128767
35	ACTCTGACT	9	178	0.014128767
36	CAGGGACCT	9	178	0.014128767
35	GACCCT	6	178	0.014128767
35	GCCCCCTAGAGC	12	177	0.014049392
36	CCCGAAAAGCCT	12	177	0.014049392
35	AAACCGCTT	9	177	0.014049392
35	ACCTCCTC	8	177	0.014049392
35	GCCCCCCT	8	177	0.014049392
35	CGCCCCC	7	177	0.014049392
36	TAGAGCT	7	177	0.014049392
35	GTTCCC	6	177	0.014049392
36	TCCT	4	177	0.014049392
35	GGACGGCTG	9	176	0.013970017
35	AGGGGACC	8	176	0.013970017
35	GCTCGCC	7	176	0.013970017
