35	CC	2	42421	2.742603485
35	CT	2	20047	1.296079113
35	GT	2	12082	0.781125747
35	GC	2	11231	0.726106875
35	GG	2	7869	0.508746772
35	GGGGCC	6	6608	0.427220571
36	CT	2	6063	0.391985218
36	TT	2	5739	0.371037962
35	GCC	3	5699	0.368451881
36	T	1	5112	0.330501144
35	G	1	4240	0.274124579
35	GGGCC	5	3952	0.255504797
35	GGGAGC	6	3609	0.233329153
35	C	1	3379	0.218459187
35	GGCCCC	6	3321	0.21470937
35	GGCCCCCC	8	3040	0.196542151
35	AC	2	2793	0.180573101
35	ATACTTTT	8	2540	0.164216139
35	GA	2	2449	0.158332805
36	TTGGGCT	7	2349	0.151867603
35	GGGC	4	2326	0.150380606
35	GGCCGGC	7	2232	0.144303316
35	GGGGGCC	7	2204	0.14249306
35	GGGCCC	6	2165	0.139971631
35	CCC	3	2158	0.139519067
35	ATGCTCCC	8	2094	0.135381337
35	CGTGGCC	7	2089	0.135058077
35	CCCCGCCC	8	2065	0.133506428
36	TGGGGGTT	8	2012	0.130079871
35	GGACTTGCCC	10	1999	0.129239395
35	CG	2	1943	0.125618881
35	AAAGCAAC	8	1935	0.125101665
35	GCCTTGGGC	9	1843	0.119153679
35	AGGGCCC	7	1764	0.114046169
35	GCTTAGTC	8	1603	0.103637194
35	GGGGGGC	7	1587	0.102602761
35	GGCC	4	1571	0.101568329
35	GCCCCC	6	1543	0.099758072
35	GGC	3	1530	0.098917596
35	GGGCCCCC	8	1511	0.097689207
35	GGGACGGG	8	1495	0.096654775
35	GGGGGGAC	8	1480	0.095684995
35	GGCCCCC	7	1479	0.095620343
36	CCCTCTAACT	10	1457	0.094197998
36	CTTCCGCT	8	1444	0.093357522
35	GGCCGAGGGC	10	1436	0.092840306
35	AGTGGTT	7	1429	0.092387741
35	GCCGGGCC	8	1422	0.091935177
35	GCTCTTCAGGGA	12	1420	0.091805873
35	GACCGTGAACCC	12	1382	0.089349096
35	GCCTGCTGCCG	11	1344	0.086892319
35	GGACCGGGCC	10	1338	0.086504407
35	AGAC	4	1332	0.086116495
35	AGTTAGGG	8	1327	0.085793235
35	GGGCCCC	7	1319	0.085276019
36	TAAAGACT	8	1295	0.08372437
35	GGGGCCC	7	1293	0.083595066
35	GTCGCC	6	1280	0.08275459
36	CCT	3	1275	0.08243133
35	AGGTTGTT	8	1272	0.082237374
35	GGTCCAGGCC	10	1258	0.081332245
35	AGCCCCCT	8	1240	0.080168509
35	CCCCC	5	1231	0.079586641
35	ACCCCTCACC	10	1228	0.079392685
35	AGCCCCCC	8	1218	0.078746165
35	GGGGGC	6	1212	0.078358252
35	AG	2	1189	0.076871256
35	GGCGCCCTGCGTC	13	1183	0.076483344
35	GGCTTTAGCCCG	12	1161	0.075060999
35	AT	2	1157	0.074802391
35	GGCCGGCCT	9	1154	0.074608435
35	GGGCCT	6	1152	0.074479131
35	A	1	1134	0.073315395
35	ACCGCTGGGGGA	12	1127	0.07286283
35	GGCTCGACCCCACCT	15	1103	0.071311182
35	GAGGCC	6	1102	0.07124653
36	TAGAGACT	8	1099	0.071052574
35	GGCCTCCC	8	1087	0.070276749
35	GCCCTTCGGT	10	1074	0.069436273
35	GGCTTCAGA	9	1061	0.068595797
35	AGGCCCC	7	1052	0.068013929
35	GCCTTGAC	8	1047	0.067690669
35	GCCAAGGGC	9	1045	0.067561364
35	GTCGAAAT	8	1029	0.066526932
35	AGGCC	5	1027	0.066397628
35	AGGGCGTT	8	1023	0.06613902
35	GGCCC	5	1021	0.066009716
35	GGTTC	5	1016	0.065686456
35	GTTTTCGCT	9	1003	0.064845979
35	GGGGGCCCCC	10	997	0.064458067
35	GCTCTTCGGGGC	12	991	0.064070155
35	CCCTCCCT	8	987	0.063811547
35	GTCTGGCA	8	948	0.061290118
35	GACCCC	6	941	0.060837554
35	AGCCGGTCT	9	937	0.060578946
35	ACCCGGGCGGGC	12	934	0.06038499
35	GCCCC	5	930	0.060126382
35	GCGGC	5	920	0.059479862
35	CCAGGCC	7	914	0.059091949
35	CTTTTCCC	8	912	0.058962645
35	CTGCCTCCCC	10	904	0.058445429
35	GCCCCGGC	8	901	0.058251473
35	GGGCTTAA	8	901	0.058251473
35	GGCCTAGCCCTC	12	896	0.057928213
35	GCCCCCCC	8	890	0.057540301
35	AGAGGCTTTCCC	12	885	0.057217041
35	GCCTTAGTTT	10	882	0.057023085
36	CCGGCTCT	8	877	0.056699825
35	GGGCGGCAGGTC	12	875	0.05657052
35	GGTGGACC	8	872	0.056376564
35	AGGGCCT	7	868	0.056117956
35	CCGTCCTAGGC	11	867	0.056053304
35	GTACCCCC	8	867	0.056053304
35	GACCACC	7	867	0.056053304
35	GGCCCCT	7	867	0.056053304
35	GGGGACCTCCGA	12	864	0.055859348
35	GGTCCCC	7	862	0.055730044
35	AGGGGCCC	8	860	0.05560074
36	TTTCACGTCT	10	858	0.055471436
35	GCCC	4	857	0.055406784
35	CA	2	852	0.055083524
35	GGGGCCT	7	851	0.055018872
35	GGCCGC	6	850	0.05495422
35	CCCTGGGC	8	846	0.054695612
35	GGCGGGT	7	840	0.0543077
35	GTTTCACCCCG	11	833	0.053855136
35	GCCCTTTAGCCCCAT	15	831	0.053725831
35	GAC	3	831	0.053725831
36	CCTAAGCT	8	827	0.053467223
35	ACCACCTC	8	826	0.053402571
35	GGTCAGTG	8	825	0.053337919
35	GGCCCCAGTCT	11	824	0.053273267
35	GTCCTGGCTT	10	824	0.053273267
35	GTTTCGGCGGCC	12	818	0.052885355
36	TGAAAATT	8	816	0.052756051
35	GTCCGTGG	8	800	0.051721619
35	GGTCCCCC	8	777	0.050234622
35	GGCACCTA	8	767	0.049588102
36	CGTCCCTT	8	761	0.04920019
35	GGCCT	5	761	0.04920019
36	CCGGTTCCTTTT	12	758	0.049006234
35	GTCAACGCT	9	746	0.048230409
35	GCCCGGCC	8	744	0.048101105
35	CCCC	4	743	0.048036453
35	GGCTGGC	7	739	0.047777845
35	AGGGCGAGGCC	11	735	0.047519237
35	AGGCCC	6	730	0.047195977
35	AGGCCCCC	8	727	0.047002021
36	AGGTCCTT	8	727	0.047002021
35	GGCTCCC	7	726	0.046937369
35	GGCCGGGC	8	719	0.046484805
36	CCGCACG	7	715	0.046226197
35	GTCCACCC	8	712	0.046032241
35	GGGGC	5	705	0.045579677
35	CCCCGGC	7	700	0.045256416
36	TTCACTT	7	697	0.04506246
35	GGG	3	695	0.044933156
35	GGGGTTCCCCT	11	688	0.044480592
35	GGGTTCTAGC	10	688	0.044480592
35	GCCCACCC	8	686	0.044351288
36	CCAGCCCT	8	685	0.044286636
36	TGTTAGTCCTCT	12	684	0.044221984
35	GTGGGACC	8	682	0.04409268
35	GTTCAGGGT	9	670	0.043316856
35	ATGCTCGGGA	10	667	0.0431229
35	AGGCCCT	7	666	0.043058248
35	AGGTCCGT	8	660	0.042670335
35	CCTTTTTGAC	10	655	0.042347075
35	CCCCCC	6	654	0.042282423
35	AAACACCGAGAC	12	650	0.042023815
35	GACCAGCCC	9	649	0.041959163
35	GCTCTTCC	8	648	0.041894511
35	CGGGGGGC	8	646	0.041765207
35	GTCCCC	6	645	0.041700555
35	GATTTTCCTTT	11	638	0.041247991
36	CCTCTCCT	8	635	0.041054035
35	GGGCCCT	7	632	0.040860079
35	AAGGGTCT	8	630	0.040730775
35	GGGCGCC	7	628	0.040601471
35	AGGGCC	6	626	0.040472167
35	GGCCCTGGGC	10	623	0.040278211
35	GGCCCAGC	8	623	0.040278211
35	GGACCCC	7	613	0.03963169
35	GCGTGCTCCC	10	612	0.039567038
35	GGTGGTGGCATGCCC	15	610	0.039437734
35	GAGGCCCC	8	604	0.039049822
35	GGGCCCTCCG	10	601	0.038855866
35	AGGCCCGGCCC	11	599	0.038726562
36	CGGGAACCCTT	11	599	0.038726562
35	GGCTAGGC	8	598	0.03866191
35	GGGGGGCC	8	592	0.038273998
35	GGGAGGGT	8	591	0.038209346
35	GGGGGCCC	8	589	0.038080042
35	ATCCCTCT	8	587	0.037950738
35	CTCAGTCACCGAGAC	15	584	0.037756782
35	AGGGGTCC	8	584	0.037756782
35	GCGGCC	6	583	0.03769213
35	GTTCCCTC	8	579	0.037433522
35	ATACGGCT	8	577	0.037304218
35	GCCCGTCC	8	572	0.036980957
35	GGGCTT	6	564	0.036463741
35	GCCCCCGT	8	561	0.036269785
36	CCCCT	5	558	0.036075829
36	CCTTTCCCTACT	12	550	0.035558613
36	TAGACT	6	547	0.035364657
35	CCCGCCAGCCGGGCC	15	546	0.035300005
35	GGTCTATCCC	10	546	0.035300005
35	ACCCCC	6	546	0.035300005
35	GACCGGG	7	545	0.035235353
35	GTCGGTGGTAC	11	544	0.035170701
35	GGGGGGGC	8	544	0.035170701
35	GCCCCCCAGGTCTCC	15	543	0.035106049
36	AAACCCTTAGCGT	13	542	0.035041397
35	AGAGGCGGGCCC	12	541	0.034976745
35	AGAACACC	8	539	0.034847441
35	GCCCGGTC	8	539	0.034847441
35	GGGGCCCC	8	535	0.034588833
35	CCTTTT	6	534	0.034524181
35	GGGCCCGCCCC	11	531	0.034330224
35	GTGAAGGC	8	527	0.034071616
35	GTTCCTGGTCC	11	526	0.034006964
36	CCTTTT	6	526	0.034006964
35	GACGGACC	8	525	0.033942312
35	AAACCCC	7	524	0.03387766
35	CTTTCCTC	8	523	0.033813008
35	GGCCCCCT	8	522	0.033748356
35	CCCCCCC	7	521	0.033683704
35	AGGGGCC	7	516	0.033360444
35	CGACTAGGGCCT	12	515	0.033295792
35	GCCTGGCT	8	515	0.033295792
36	AGGGGGCT	8	514	0.03323114
35	CTGGGCC	7	514	0.03323114
35	AGCGGGCC	8	511	0.033037184
35	GGCCCTGGGCCCT	13	509	0.03290788
35	GACCC	5	509	0.03290788
35	GCTAGCCC	8	508	0.032843228
35	GGGGTCT	7	508	0.032843228
35	AGCGTCGGCCT	11	507	0.032778576
35	GCCTTGGG	8	505	0.032649272
35	GGCTCCCC	8	505	0.032649272
35	CCTTTGCCTT	10	504	0.03258462
35	GGGGGGGGCC	10	504	0.03258462
35	GACCGTGAGGGACC	14	503	0.032519968
35	GGCCTCC	7	502	0.032455316
36	CGGACCCT	8	501	0.032390664
35	AGTTTTTTCCCTC	13	500	0.032326012
36	CTTGTCCT	8	494	0.0319381
35	CCCCTCCC	8	492	0.031808796
35	CTAGGCT	7	491	0.031744143
35	AGGTCC	6	490	0.031679491
35	AGGTTCC	7	487	0.031485535
35	GGCTTTTC	8	486	0.031420883
35	GGCCCT	6	485	0.031356231
35	GCCCGGGC	8	484	0.031291579
35	GGGTGTCC	8	484	0.031291579
35	AGGTCCC	7	484	0.031291579
36	CGGCCGCT	8	482	0.031162275
36	CTGCCTT	7	480	0.031032971
36	CCTATCAAGACT	12	477	0.030839015
36	ACCGAATT	8	476	0.030774363
36	CTAACT	6	476	0.030774363
35	GGGTGAAAACCC	12	472	0.030515755
35	GGGCAAAACT	10	471	0.030451103
35	GCCCCCCT	8	471	0.030451103
35	CTGGGGT	7	471	0.030451103
35	ACC	3	471	0.030451103
36	CCCCCT	6	465	0.030063191
35	CCACGGGG	8	463	0.029933887
35	GAGGAGGC	8	463	0.029933887
35	GGTCC	5	463	0.029933887
35	CGCTGACGGTTCCT	14	462	0.029869235
35	AGGGCTGGC	9	462	0.029869235
35	AGGAGCCT	8	461	0.029804583
35	ACCTCCCC	8	460	0.029739931
35	GGTCCC	6	459	0.029675279
35	GCAGGC	6	456	0.029481323
35	GCGTTTGCCC	10	455	0.029416671
35	GGGCCCGGGC	10	453	0.029287367
35	CCT	3	453	0.029287367
35	CTCCTTAT	8	452	0.029222715
35	GCCCGGC	7	452	0.029222715
36	ACCCGGT	7	452	0.029222715
35	GTC	3	452	0.029222715
36	CCCCGCCT	8	450	0.029093411
35	CGTGTGCCC	9	448	0.028964106
35	GCCCGTCCCT	10	447	0.028899454
35	AACGTCTT	8	446	0.028834802
35	GCCCCGGT	8	446	0.028834802
35	GCCTCCCC	8	445	0.02877015
35	GGCCTT	6	443	0.028640846
35	ACCCGGCC	8	442	0.028576194
35	GCCTCTCC	8	441	0.028511542
35	AGC	3	441	0.028511542
35	ACCGGACC	8	440	0.02844689
35	ACGGACGCCGC	11	439	0.028382238
35	AGGGCCCC	8	437	0.028252934
35	GACCCCCT	8	437	0.028252934
35	GGGCCTTT	8	437	0.028252934
35	GTTTTATCT	9	436	0.028188282
35	CTGAGGGT	8	435	0.02812363
35	GCCCCCC	7	433	0.027994326
35	GGCGCCTC	8	431	0.027865022
35	ACCCCCCC	8	430	0.02780037
36	TGCTTTCT	8	429	0.027735718
35	GTGCCAGCC	9	426	0.027541762
35	GGGGACCGGG	10	423	0.027347806
35	GCCCGCCC	8	422	0.027283154
36	TCCCCT	6	422	0.027283154
35	GAGGGCCC	8	421	0.027218502
35	GTCCCT	6	414	0.026765938
35	ACGAGAGC	8	411	0.026571982
35	CTGAGGCC	8	411	0.026571982
35	CGCCCCCC	8	408	0.026378026
35	ACGCCC	6	405	0.026184069
35	GGCGCC	6	405	0.026184069
35	GGGGTCC	7	404	0.026119417
35	GGCCCCCTGC	10	403	0.026054765
35	AAAGCCC	7	403	0.026054765
36	CCCCCCT	7	402	0.025990113
36	CCCGCCT	7	402	0.025990113
35	GCCTAGGCC	9	400	0.025860809
35	ACTCGAAC	8	400	0.025860809
35	AGACCCC	7	399	0.025796157
35	ACGTCTCT	8	398	0.025731505
35	GGGGGT	6	397	0.025666853
35	AAACACTGAGAC	12	394	0.025472897
35	CCCGGGGG	8	393	0.025408245
35	GGACCCT	7	393	0.025408245
35	GGAAAGG	7	392	0.025343593
35	AGGGCAGACC	10	389	0.025149637
35	AGAGGCCG	8	389	0.025149637
36	AAAAAATT	8	389	0.025149637
35	GGGGTC	6	389	0.025149637
35	CCCCCCT	7	388	0.025084985
36	CTGCCCT	7	388	0.025084985
35	GCGAGTGCCGGG	12	387	0.025020333
35	AGGAAGGG	8	386	0.024955681
36	CTCTAACT	8	385	0.024891029
35	CCTGGGGACC	10	384	0.024826377
35	GGGCTTT	7	384	0.024826377
35	GTCCC	5	384	0.024826377
35	ACCCTGCC	8	383	0.024761725
35	ACGCGCC	7	383	0.024761725
36	CCCGGGGCCT	10	382	0.024697073
35	GCCCCT	6	382	0.024697073
35	GGGTCC	6	382	0.024697073
35	GGGGACCTCCAT	12	381	0.024632421
35	CTAGAGG	7	381	0.024632421
35	GGGGAGCC	8	380	0.024567769
35	GCCTCT	6	380	0.024567769
35	GCCTATTCCT	10	379	0.024503117
36	TAACTAGCTCTAACT	15	378	0.024438465
35	ATCCCCGGACCC	12	378	0.024438465
35	AGCCAACCCT	10	375	0.024244509
35	GAGGGACC	8	375	0.024244509
35	GGCCCCGC	8	374	0.024179857
35	GTCCCCCC	8	374	0.024179857
35	GGGCAGGGCC	10	373	0.024115205
35	GTGGGCT	7	373	0.024115205
35	GGCGGC	6	372	0.024050553
35	GAGGTTGTGCCC	12	371	0.023985901
35	CTGGCC	6	371	0.023985901
35	GCCTTCCC	8	370	0.023921249
35	AGGGTCCC	8	369	0.023856597
35	CCCCGGTT	8	368	0.023791945
35	AGTACCTTGGCT	12	367	0.023727293
35	CCCCCCACCTCC	12	367	0.023727293
35	GCCTGCTC	8	367	0.023727293
35	GGCTTTCT	8	367	0.023727293
35	GGCCTTCGGTCCC	13	366	0.023662641
35	GCCTTT	6	364	0.023533337
35	AGGCCCCT	8	361	0.02333938
35	GCCCGCC	7	361	0.02333938
35	GCGGCCCC	8	360	0.023274728
36	CGGACGAT	8	360	0.023274728
35	CCCCCCCC	8	359	0.023210076
35	GTCGCCC	7	356	0.02301612
35	ACCCATTCTC	10	355	0.022951468
35	GGGGCACCCC	10	354	0.022886816
35	ATCCCCCA	8	354	0.022886816
35	GGGACCCC	8	354	0.022886816
36	CCCT	4	354	0.022886816
35	GGGGACCTCCATGT	14	353	0.022822164
35	AGGGGGC	7	353	0.022822164
35	CCCCGGGC	8	350	0.022628208
35	AACGGCCCCC	10	349	0.022563556
35	GGCCCTCT	8	349	0.022563556
35	GGCCGCCC	8	349	0.022563556
35	GTTCCCCC	8	348	0.022498904
35	GGACCC	6	348	0.022498904
35	CGGACGCGGGCC	12	347	0.022434252
35	AGCCC	5	346	0.0223696
35	GTCC	4	346	0.0223696
35	GCTCCC	6	344	0.022240296
35	GCTGGCCC	8	343	0.022175644
35	GGGGACCTCC	10	342	0.022110992
35	AGGCCCTCG	9	342	0.022110992
35	GCGGGCC	7	342	0.022110992
35	GGAGGCC	7	341	0.02204634
35	AGCCCCC	7	340	0.021981688
37	GCCGGTG	7	340	0.021981688
35	GGACCGCCAC	10	339	0.021917036
35	GTCTCCACCT	10	339	0.021917036
35	AGACCCCC	8	339	0.021917036
35	GCAAAGCC	8	339	0.021917036
35	CTGTCGTC	8	338	0.021852384
35	GGGCGGC	7	338	0.021852384
35	AGCCCC	6	337	0.021787732
36	AT	2	337	0.021787732
35	AACCCTCT	8	336	0.02172308
35	GGTTCCCC	8	336	0.02172308
35	ATCCGGCCCC	10	335	0.021658428
35	CCGGCCCT	8	335	0.021658428
35	GCCCCCT	7	335	0.021658428
36	TTT	3	335	0.021658428
36	CTCAGTCTCCT	11	334	0.021593776
35	AGGACGCC	8	334	0.021593776
35	GCTCGGCC	8	334	0.021593776
35	GGTCCCGG	8	331	0.02139982
35	GCCGGAACCGCCT	13	330	0.021335168
35	GGGCGGCC	8	330	0.021335168
36	TAGTCTAG	8	330	0.021335168
35	GTTACCCT	8	329	0.021270516
36	CTCCCCT	7	329	0.021270516
35	GTTCCCT	7	328	0.021205864
35	GCCT	4	326	0.02107656
35	GACCCCTTGGCC	12	325	0.021011908
35	CTGGGACCTC	10	325	0.021011908
35	AAGAGCCC	8	324	0.020947256
35	AGGTCCCC	8	324	0.020947256
35	CCTCCCGA	8	323	0.020882604
35	GGCTTCAGAA	10	322	0.020817952
35	GCCTCGGG	8	322	0.020817952
36	CGCTAGG	7	322	0.020817952
35	GCCCTT	6	322	0.020817952
35	GTGCCCTC	8	321	0.0207533
36	CCCCTTAGGCT	11	319	0.020623995
35	GCCGCT	6	319	0.020623995
35	GCTACCT	7	318	0.020559343
35	GGCTCC	6	318	0.020559343
35	ACCC	4	318	0.020559343
35	CCCCGTTC	8	315	0.020365387
36	CGGGCCT	7	312	0.020171431
35	GGGATTCC	8	311	0.020106779
35	AGGGAGA	7	311	0.020106779
35	GGCCCTGTCCTGGGA	15	309	0.019977475
36	CCCCCCCCTGGAGGT	15	308	0.019912823
35	CTGGGCCC	8	308	0.019912823
35	GGTTCCC	7	308	0.019912823
35	GGGAC	5	308	0.019912823
35	GCTCCCCC	8	307	0.019848171
35	GGGCCTCC	8	307	0.019848171
36	CCCGGGGCCTCT	12	306	0.019783519
35	AGGCTCCT	8	306	0.019783519
35	CCCCGGGCCC	10	305	0.019718867
35	GCCGCC	6	305	0.019718867
35	GGGCGTCGCCC	11	304	0.019654215
35	ACCCC	5	303	0.019589563
35	CGACCCGG	8	301	0.019460259
35	GCTTTAGC	8	301	0.019460259
35	GGCCGCCT	8	301	0.019460259
36	CCTTCCCT	8	301	0.019460259
35	GGTCTCTCC	9	300	0.019395607
35	GAGTTCTC	8	298	0.019266303
36	TCCCCAGT	8	297	0.019201651
35	GGGGGCT	7	296	0.019136999
35	GGGTCCCC	8	295	0.019072347
35	AGGGGGCC	8	294	0.019007695
35	CTGGGGAG	8	294	0.019007695
35	GCT	3	294	0.019007695
35	CGGCGTTT	8	293	0.018943043
35	CTTTTTCC	8	293	0.018943043
35	CCTATCCCCT	10	292	0.018878391
36	CGGAACT	7	292	0.018878391
35	GGCCTCCCGGGC	12	291	0.018813739
35	GGAGGCAAGCTT	12	290	0.018749087
36	CCCCAACT	8	289	0.018684435
35	CGAGACAGGGTCCCT	15	288	0.018619783
35	ATCCCC	6	288	0.018619783
36	CCTTTTT	7	287	0.018555131
35	GGGGGA	6	287	0.018555131
35	GGGCGCCC	8	286	0.018490479
35	GAGGGTATCGT	11	285	0.018425827
35	CCGCTTCC	8	285	0.018425827
35	GCCATGCC	8	285	0.018425827
35	ACCCCCC	7	285	0.018425827
36	CTTCCT	6	285	0.018425827
35	CCCCCCCT	8	284	0.018361175
35	GCCCTCGG	8	284	0.018361175
35	CCTCCCC	7	284	0.018361175
35	AGAAGGC	7	283	0.018296523
35	GGCTCCCGGC	10	282	0.018231871
35	GGAAACCC	8	282	0.018231871
35	GGCCCCTT	8	282	0.018231871
35	CAACTCT	7	282	0.018231871
35	GACCCCCC	8	281	0.018167219
35	CCCCGGG	7	280	0.018102567
35	GCTCCCC	7	280	0.018102567
35	GTTCGGGCC	9	278	0.017973263
35	GCCCTAGGGT	10	276	0.017843958
35	GCCCCTCT	8	276	0.017843958
35	GGCCTGAA	8	275	0.017779306
35	GGGGGG	6	275	0.017779306
36	CCTATCCCCCT	11	274	0.017714654
35	GCCTTTTTT	9	274	0.017714654
35	GCTTTCCC	8	274	0.017714654
36	TAGAGCTAGACT	12	273	0.017650002
35	AGGGGC	6	273	0.017650002
35	GGATG	5	273	0.017650002
35	GCTTGGCCCC	10	272	0.01758535
37	TG	2	272	0.01758535
35	CAGGCCCT	8	271	0.017520698
35	AGGCCTT	7	271	0.017520698
36	CGGGGCT	7	271	0.017520698
36	CCCTT	5	271	0.017520698
35	AGGGCGGGAAC	11	270	0.017456046
35	GTACCGAGTC	10	270	0.017456046
35	GTCCGGGC	8	270	0.017456046
35	GTGGGCTCT	9	268	0.017326742
35	CTGTACCCG	9	267	0.01726209
35	GGTTGGAG	8	267	0.01726209
35	GCCCCGCGGGCC	12	266	0.017197438
35	GGACCCCC	8	266	0.017197438
35	CCGGGCC	7	266	0.017197438
35	GTCCCTTCCC	10	265	0.017132786
35	AGGCGGGGTCCC	12	264	0.017068134
37	CGCCTTTG	8	264	0.017068134
35	CGGCCCCT	8	263	0.017003482
35	GGTTTTCC	8	263	0.017003482
35	GGCT	4	262	0.01693883
35	GCCTTGGGCT	10	261	0.016874178
35	CCCGGGCC	8	261	0.016874178
35	GTTCCCC	7	261	0.016874178
35	GGTTCGCCCCG	11	259	0.016744874
35	GGCCCCTC	8	259	0.016744874
35	GGGGGGT	7	258	0.016680222
35	GGGGGACC	8	257	0.01661557
35	GGTCCCT	7	257	0.01661557
36	CAGCCTTCTTGGCT	14	256	0.016550918
36	CAGCCTTCTTT	11	256	0.016550918
35	CGTCGAGG	8	256	0.016550918
35	GGGCCCG	7	256	0.016550918
35	AGACCCAGTT	10	255	0.016486266
35	AAGGGCCC	8	255	0.016486266
35	AGGGAGGC	8	254	0.016421614
35	GGCGGGAA	8	254	0.016421614
35	GGGGCTTC	8	254	0.016421614
35	GTTCCC	6	254	0.016421614
35	CCGGGCCC	8	253	0.016356962
35	GAACCCC	7	253	0.016356962
35	GCCTGGC	7	253	0.016356962
35	GTCCGGC	7	253	0.016356962
35	AGGGGT	6	253	0.016356962
35	AAGCGCTC	8	252	0.01629231
35	AGGACCCT	8	252	0.01629231
35	GGGGACCC	8	252	0.01629231
35	GTCCCCC	7	252	0.01629231
36	CCGCCGAAACT	11	251	0.016227658
35	GGAAGGGT	8	251	0.016227658
35	GGGTCCCT	8	251	0.016227658
35	GAGGCCC	7	251	0.016227658
36	CGGGGTT	7	251	0.016227658
37	GTGGGCTG	8	250	0.016163006
35	AGACCCA	7	250	0.016163006
35	GATGCCC	7	250	0.016163006
35	CCCTTCCTTCCCC	13	249	0.016098354
35	GAACTTAGGC	10	249	0.016098354
35	GCCTGACCCT	10	249	0.016098354
35	AGGGGCCT	8	249	0.016098354
35	GGTCCCCT	8	249	0.016098354
35	GCAGGCC	7	249	0.016098354
35	GCCTCC	6	249	0.016098354
35	GAGGGTATCGTA	12	248	0.016033702
35	CAGAGGCCTT	10	248	0.016033702
35	GCAGGGGA	8	248	0.016033702
36	CCCGGTCT	8	248	0.016033702
36	CCTGGGGT	8	248	0.016033702
35	GCCTCGC	7	248	0.016033702
35	CCCCGC	6	248	0.016033702
35	GGGCGACACC	10	247	0.01596905
36	TGATGCTT	8	247	0.01596905
35	GTTTTTT	7	247	0.01596905
35	CCTCCCTGGTC	11	246	0.015904398
35	ACCCCCTC	8	246	0.015904398
36	CCGCCCCT	8	246	0.015904398
35	AGCCCCCTCTTT	12	245	0.015839746
36	TACCCCTT	8	245	0.015839746
35	AGGGCCCCCT	10	244	0.015775094
35	GCCGGCCC	8	244	0.015775094
35	GGTTCGGT	8	244	0.015775094
35	GGCGGCC	7	244	0.015775094
35	ACCCTGAC	8	243	0.015710442
36	CGGGCCCT	8	243	0.015710442
35	GGAGCCC	7	243	0.015710442
35	GGGAGCC	7	243	0.015710442
35	GGGGGTC	7	243	0.015710442
35	AGACTGAGAC	10	242	0.01564579
35	ACCCGCAGGT	10	241	0.015581138
35	GGAAAGGTC	9	241	0.015581138
36	CCCGCCCT	8	241	0.015581138
35	GTGAGGC	7	241	0.015581138
35	GCCTGGCC	8	240	0.015516486
35	GCACCCCTCGGCC	13	239	0.015451834
35	AAGACCCC	8	239	0.015451834
35	AGGGGTC	7	239	0.015451834
35	CAGGGCC	7	239	0.015451834
35	CTCTAAC	7	239	0.015451834
35	GGGGACCTCCC	11	238	0.015387182
36	CCGAGGGT	8	238	0.015387182
35	AGGACCCC	8	237	0.01532253
35	GGCTTCC	7	237	0.01532253
35	GCTCGGCT	8	236	0.015257878
35	GGGTGGCT	8	236	0.015257878
35	CCTGGGCT	8	235	0.015193226
35	GTCCGTGCCCCTT	13	234	0.015128573
35	GTCCGGCC	8	234	0.015128573
36	CTT	3	234	0.015128573
35	GCCCCCACCAGGGTC	15	233	0.015063921
35	GGCTTCAAG	9	233	0.015063921
35	GGAGGCCC	8	233	0.015063921
35	GGCCCTTC	8	233	0.015063921
35	GTGCCCCC	8	233	0.015063921
35	GTCGGGC	7	233	0.015063921
35	ACGAT	5	233	0.015063921
35	AAGAGAGTCTAA	12	232	0.014999269
35	CCTCAGTCTTGC	12	232	0.014999269
35	GACGGGCC	8	232	0.014999269
35	GCCCTCCC	8	232	0.014999269
35	AGCCCCCGGGGGC	13	231	0.014934617
35	CTAGGCC	7	231	0.014934617
35	ACCCCT	6	231	0.014934617
36	TCCCCTGAAGGCCT	14	230	0.014869965
35	GGGACC	6	230	0.014869965
36	TGCGAT	6	230	0.014869965
35	GGT	3	230	0.014869965
35	GCTTCCTT	8	229	0.014805313
35	GGGGGCCT	8	229	0.014805313
35	GCCCGGT	7	229	0.014805313
36	TCCCGCT	7	229	0.014805313
35	CTT	3	229	0.014805313
35	AGAGAGTC	8	228	0.014740661
35	AGGGC	5	228	0.014740661
35	AGCCGCCC	8	227	0.014676009
35	GTCGGGCC	8	227	0.014676009
35	GGTGGCC	7	227	0.014676009
36	CGCCGAGGACT	11	226	0.014611357
35	GGCTCCCCC	9	226	0.014611357
35	ACCCGTCC	8	226	0.014611357
35	AGGGCCCT	8	226	0.014611357
35	CCTGCCCT	8	226	0.014611357
35	GGGCGTCT	8	226	0.014611357
35	AGGGCTTCCCAGC	13	225	0.014546705
35	GGCCTCCCGCCC	12	225	0.014546705
35	CCTCCC	6	225	0.014546705
35	AGGGGGAA	8	224	0.014482053
35	GGTTAGAC	8	224	0.014482053
35	GGGACCT	7	224	0.014482053
35	CCCCT	5	224	0.014482053
35	GTAATACCG	9	223	0.014417401
35	GGCGGCCT	8	223	0.014417401
35	GCCCT	5	223	0.014417401
35	AACGTTCC	8	222	0.014352749
35	CGCCCTCC	8	222	0.014352749
35	GGTTTGGTCCGGGTT	15	221	0.014288097
35	AAGGGTTT	8	221	0.014288097
35	AGTTCCCC	8	221	0.014288097
35	GTCCGGTC	8	221	0.014288097
35	GGTCCTT	7	221	0.014288097
36	TTTT	4	221	0.014288097
36	TAGAGCTAACT	11	220	0.014223445
35	GTCGGCGA	8	220	0.014223445
36	CCCGCTCT	8	220	0.014223445
35	CCCGGCC	7	220	0.014223445
35	GGGGG	5	220	0.014223445
35	CGCCTCGCAT	10	219	0.014158793
35	GGGCCGGT	8	219	0.014158793
35	GAGGGC	6	219	0.014158793
35	GGGGGCCACCCC	12	218	0.014094141
35	CGGACTCCCC	10	218	0.014094141
35	GGCGAAAGG	9	218	0.014094141
35	AGGGGACC	8	218	0.014094141
35	AGTCGGCC	8	218	0.014094141
35	GCGTCCCC	8	218	0.014094141
35	GGGGAAACCC	10	217	0.014029489
36	TCCGAACTCT	10	216	0.013964837
35	AGTAACCTT	9	216	0.013964837
35	GACCGCC	7	216	0.013964837
35	GGGGTTTTTTCC	12	215	0.013900185
36	TGGCGCCTTT	10	215	0.013900185
35	GGCGAGGC	8	215	0.013900185
35	GGGCCCCT	8	215	0.013900185
35	GTCCCCCT	8	215	0.013900185
35	GTCTAAC	7	215	0.013900185
