35	CC	2	49395	3.058231779
35	CT	2	17994	1.114076782
35	GC	2	13307	0.823886836
35	GT	2	11755	0.727796631
35	GG	2	10083	0.62427677
36	CT	2	7843	0.485589874
36	TT	2	6326	0.391666651
35	GCC	3	5688	0.352165652
36	T	1	5656	0.35018441
35	G	1	5166	0.319846652
35	GGGCC	5	4090	0.253227411
35	C	1	3712	0.229823998
35	GGGGCC	6	3608	0.223384963
35	GA	2	3534	0.218803343
35	GGCCCC	6	3422	0.211868998
36	TTGGGCT	7	3331	0.206234843
35	GGTCCAGGCC	10	3051	0.188898981
35	CG	2	3022	0.187103481
35	GGTGGACC	8	2788	0.172615653
35	AC	2	2500	0.154784481
35	CCCGGTCC	8	2451	0.151750705
35	CCC	3	2267	0.140358568
35	GGGCCC	6	2113	0.130823843
35	AGGCGGCC	8	2029	0.125623085
35	GGAGGGGC	8	1870	0.115778792
35	GGGCCT	6	1818	0.112559275
35	GGC	3	1810	0.112063964
35	GCCCGGCC	8	1795	0.111135257
35	AGACGCCT	8	1794	0.111073344
35	CCCTTTGAAC	10	1781	0.110268464
35	AGGCCCCC	8	1585	0.098133361
35	GGGGGC	6	1564	0.096833171
35	AT	2	1554	0.096214034
35	GGTTCCCA	8	1523	0.094294706
36	CCT	3	1486	0.092003896
35	GGGGAGGC	8	1478	0.091508585
35	AGGACCCG	8	1442	0.089279689
35	CCTCCTTAGACC	12	1417	0.087731844
35	GGGCCCCC	8	1403	0.086865051
36	TTCGCCT	7	1376	0.085193378
35	GCCATCACCGT	11	1371	0.084883809
35	GCTAGACT	8	1365	0.084512327
35	GCCCCC	6	1342	0.083088309
35	GTCTCTTTCCC	11	1306	0.080859413
35	CCCCC	5	1305	0.080797499
35	CCCCCCC	7	1287	0.079683051
35	GGGGGCC	7	1277	0.079063913
35	GGCC	4	1255	0.07770181
35	ACCCCGCC	8	1254	0.077639896
35	GGGCCCC	7	1245	0.077082672
35	A	1	1242	0.07689693
36	TGTTAGTCCTCT	12	1237	0.076587361
36	CCCCTTGGTT	10	1232	0.076277792
35	AAACACCGAGAC	12	1225	0.075844396
35	GCCTTGAGCC	10	1207	0.074729948
35	AGGCCCC	7	1203	0.074482292
35	AGAC	4	1181	0.073120189
35	GCCGGCTC	8	1123	0.069529189
35	GGGGCCT	7	1119	0.069281534
35	GGGGC	5	1116	0.069095792
35	AGCCCCC	7	1113	0.068910051
35	CTGGGCT	7	1099	0.068043258
36	TTCGATCCT	9	1066	0.066000103
35	GCTCCGCC	8	1066	0.066000103
35	AAACCCCC	8	1056	0.065380965
35	GTTTCCC	7	1051	0.065071396
35	GGGGCCC	7	1033	0.063956948
35	AGGGTGACTC	10	1027	0.063585465
35	GGGGGGC	7	1024	0.063399723
35	CTCCTAAACGGAGCC	15	1016	0.062904413
35	GTTCCCCC	8	1012	0.062656758
35	GGTTCAGGCC	10	1004	0.062161448
35	GAC	3	1001	0.061975706
35	GGCCC	5	981	0.06073743
35	AG	2	981	0.06073743
35	GGCCTAGCCCTC	12	974	0.060304034
35	GACCCC	6	972	0.060180206
35	AGTTAGGG	8	969	0.059994465
35	CCCCCC	6	969	0.059994465
35	CCCGAGGC	8	962	0.059561068
35	AGGGGCCC	8	959	0.059375327
35	AAAGGCC	7	952	0.05894193
36	CCCGCCT	7	948	0.058694275
35	AGGAGCCT	8	947	0.058632361
35	GGGGGCCT	8	938	0.058075137
35	GCCACCCTCCC	11	935	0.057889396
35	GCGGCCT	7	935	0.057889396
35	AGACCCC	7	929	0.057517913
35	GTCGCGGAAGC	11	928	0.057455999
35	GCTCCTGT	8	919	0.056898775
35	AAAGAGGA	8	914	0.056589206
35	GCTCTTGG	8	884	0.054731793
35	GGGGTTTT	8	866	0.053617344
35	GGCCCCC	7	864	0.053493517
35	GCTCGGGG	8	854	0.052874379
35	GGGCCCT	7	851	0.052688637
35	GTTCCCTC	8	849	0.05256481
35	GCTCTTCGTTCCC	13	845	0.052317155
35	GGTCCCC	7	844	0.052255241
35	GCCC	4	836	0.051759931
35	AGGGCGGGAAC	11	834	0.051636103
35	ACCCCCTAAGGGGA	14	833	0.051574189
36	CGGGGGAT	8	833	0.051574189
35	GGGCTGAG	8	832	0.051512275
35	ATGTCCCCCT	10	826	0.051140793
35	ACCGGCCC	8	821	0.050831224
35	AGGGCCCC	8	821	0.050831224
35	AAGGTCC	7	815	0.050459741
35	GACAT	5	803	0.049716775
35	CA	2	801	0.049592948
35	CCTGGCCC	8	799	0.04946912
35	ACCTCCCC	8	798	0.049407206
35	GTCCCC	6	793	0.049097637
35	CCCCGTCT	8	788	0.048788068
35	GAGGCC	6	786	0.048664241
35	GGCTACCC	8	782	0.048416586
35	GCTCCCGCCC	10	778	0.048168931
35	AGGGCC	6	775	0.047983189
36	TTGTTTCCCT	10	765	0.047364051
35	GCCCC	5	761	0.047116396
36	CCCAGACGT	9	758	0.046930655
35	ACCCCCCA	8	758	0.046930655
35	GGCCCT	6	757	0.046868741
35	GCCCCCCC	8	756	0.046806827
36	TGGGGCT	7	753	0.046621086
35	AGGGGCC	7	746	0.046187689
36	CTAACCCT	8	745	0.046125775
35	ACTCTCTCTC	10	744	0.046063862
35	GGCCCCT	7	743	0.046001948
35	GTTGGGAC	8	742	0.045940034
35	GCCCAGGA	8	737	0.045630465
35	GTGCTCTAAC	10	736	0.045568551
35	ACCCCCTA	8	735	0.045506637
35	AGGGCCC	7	734	0.045444724
35	AGCCCCCC	8	733	0.04538281
35	CCCGCCCC	8	733	0.04538281
35	ACCCTTGACC	10	729	0.045135155
35	AGGCC	5	728	0.045073241
36	TCAAGCT	7	726	0.044949413
35	GCCCCCC	7	722	0.044701758
35	GGCCTT	6	722	0.044701758
35	CCGGAGCC	8	720	0.044577931
35	GGGGTCT	7	717	0.044392189
35	ATGGGGTCCC	10	716	0.044330275
36	CGGACGGT	8	716	0.044330275
35	GACCC	5	712	0.04408262
36	CCCCTTT	7	704	0.04358731
35	ACCCCCCC	8	702	0.043463482
35	GAGGGTCA	8	700	0.043339655
35	GGCCCCCC	8	695	0.043030086
35	CCCC	4	694	0.042968172
35	GCCCGCC	7	689	0.042658603
35	AGGCCCT	7	683	0.04228712
36	CCCAGGTT	8	674	0.041729896
35	CCCAAGGGGGGGA	13	672	0.041606069
36	CCGGAGTTCTTT	12	670	0.041482241
35	ACCCTTGAGGGTAC	14	666	0.041234586
35	AGCCTCCC	8	663	0.041048844
35	AAGGGCT	7	657	0.040677362
35	CCCTTTCGGCC	11	656	0.040615448
36	TTTCATCT	8	651	0.040305879
35	GCTAGGC	7	648	0.040120138
35	AGGCCC	6	647	0.040058224
36	CCCCT	5	646	0.03999631
35	CCCGGGTT	8	644	0.039872482
35	GGTCCGTC	8	641	0.039686741
35	CTTTCCTC	8	636	0.039377172
35	GGGC	4	634	0.039253344
35	GGGACCCC	8	633	0.039191431
35	ATCGGGCC	8	630	0.039005689
35	GCCCCT	6	629	0.038943775
35	GGCGGC	6	625	0.03869612
35	CCATGCC	7	620	0.038386551
35	AGGAGGAC	8	619	0.038324638
35	GCCTCCCC	8	619	0.038324638
35	GGTTCCTACCC	11	616	0.038138896
35	GGAACCCT	8	616	0.038138896
35	GATCGGGGC	9	610	0.037767413
35	ACC	3	609	0.0377055
35	ACCTGAAA	8	605	0.037457844
35	CCTGGC	6	604	0.037395931
35	GCAGGCCCTGGCCC	14	598	0.037024448
35	GGCTCCC	7	598	0.037024448
35	AGGGTGCCT	9	593	0.036714879
36	TTGCGT	6	593	0.036714879
35	AGGAAGTG	8	586	0.036281482
35	GGAGGGGGTC	10	584	0.036157655
35	GAGGGCC	7	581	0.035971913
35	AGGACTCAGTCCTCG	15	577	0.035724258
35	GGCTCAGGGC	10	577	0.035724258
35	GACCTCCAGGGGCC	14	573	0.035476603
35	GCCCT	5	573	0.035476603
36	AGGGGGCT	8	572	0.035414689
35	ACTCGGGC	8	571	0.035352776
36	TCCT	4	571	0.035352776
35	CCTTTTTTCAAACC	14	570	0.035290862
35	AGGGGACCTC	10	569	0.035228948
36	CGAGCCTT	8	569	0.035228948
35	CGGTTTT	7	566	0.035043207
36	CGGCCT	6	566	0.035043207
36	ACCGGGAGAT	10	565	0.034981293
36	CCCCTTTT	8	562	0.034795551
36	CCCCCT	6	560	0.034671724
35	GCCTAGAGACC	11	559	0.03460981
36	CGCCCTT	7	557	0.034485982
35	GGGCCGGT	8	553	0.034238327
36	CGGTTTTCCT	10	551	0.0341145
35	CGCCCTTGGCG	11	548	0.033928758
35	GCGGCC	6	548	0.033928758
35	GCCTCCC	7	547	0.033866844
35	GGTCCC	6	547	0.033866844
35	AGGGGT	6	546	0.033804931
35	ATTCCCGGGTCA	12	543	0.033619189
36	CCGGCTCT	8	543	0.033619189
35	AAACACTGAGAC	12	542	0.033557276
35	GGGGCATG	8	539	0.033371534
35	GCTGGGGC	8	538	0.03330962
35	AGGGCCCCCTCC	12	536	0.033185793
35	CGCTGGGCCT	10	536	0.033185793
36	TCCCT	5	535	0.033123879
36	CGCTAGGCCG	10	534	0.033061965
35	GTCCCAAAGGGGGTC	15	533	0.033000051
35	GTCCCCC	7	532	0.032938138
36	CCCGCTT	7	532	0.032938138
35	GACTGGACT	9	531	0.032876224
35	ACCCCCCG	8	529	0.032752396
35	ACCGGACC	8	527	0.032628569
35	ACGGGCC	7	527	0.032628569
35	GGGGGAGGACC	11	526	0.032566655
37	TG	2	526	0.032566655
35	ACCGGAGG	8	525	0.032504741
35	GGCGGCC	7	524	0.032442827
35	AGGGAGGC	8	523	0.032380913
35	AACCGCCC	8	521	0.032257086
35	ACCTTTT	7	519	0.032133258
35	GGCCCGCCT	9	518	0.032071345
35	AGCCCTAC	8	517	0.032009431
35	GACCCCT	7	517	0.032009431
36	CCCGGTT	7	517	0.032009431
35	CATTGGACCT	10	515	0.031885603
35	AGGGCGTT	8	515	0.031885603
35	GGTTGGGGCC	10	514	0.031823689
35	AAGACAAAGC	10	512	0.031699862
35	ACCCCC	6	512	0.031699862
35	GGGGCCCC	8	511	0.031637948
35	AGGGGCT	7	508	0.031452207
35	ACCCCAGG	8	505	0.031266465
35	GAGAGGCC	8	505	0.031266465
35	AGGGCGAGGCC	11	500	0.030956896
35	GGACCCC	7	494	0.030585413
36	TGGCATTTTT	10	492	0.030461586
35	GGCTCCCA	8	491	0.030399672
35	CTCTAACCT	9	490	0.030337758
36	AACGGGAT	8	489	0.030275845
35	ATTCGTGTCGGCC	13	488	0.030213931
35	GGCCT	5	487	0.030152017
35	GTC	3	487	0.030152017
35	GGCCCCTC	8	484	0.029966276
35	CGCCCTT	7	484	0.029966276
35	CCCCGGC	7	482	0.029842448
36	CCCTGTT	7	481	0.029780534
36	TTCACTT	7	480	0.02971862
35	GGGTCC	6	480	0.02971862
35	GATACCGT	8	476	0.029470965
35	ACCC	4	476	0.029470965
35	AGC	3	476	0.029470965
35	AGCCTTGCCCC	11	475	0.029409051
35	GACCGGGC	8	473	0.029285224
35	CTCTAAC	7	472	0.02922331
36	TAGAGCT	7	472	0.02922331
35	GGAAGGGACC	10	470	0.029099482
35	AGGACCCT	8	470	0.029099482
35	AGGGGGC	7	470	0.029099482
36	TTCCCCT	7	467	0.028913741
35	GTCCGGGC	8	466	0.028851827
35	AAAAGAA	7	465	0.028789914
35	CTGTTTC	7	464	0.028728
35	ACTAGGGTGGGTCCC	15	462	0.028604172
35	GGTCCTTCCT	10	461	0.028542258
35	GGCGCCCTGCGTC	13	460	0.028480345
35	GCT	3	459	0.028418431
36	TTTCGCAT	8	458	0.028356517
35	GGGGTCTGACCC	12	455	0.028170776
35	GGTTCCCC	8	455	0.028170776
35	CCCGGCTTAAGG	12	454	0.028108862
36	CGGGGTCCCTT	11	454	0.028108862
36	CCCGGTCT	8	450	0.027861207
35	AAGGCCCT	8	449	0.027799293
35	GGGCCCCG	8	446	0.027613551
35	GACGGGT	7	446	0.027613551
35	GGGGTCC	7	446	0.027613551
35	CCCCCCCC	8	445	0.027551638
35	GCCCGGC	7	445	0.027551638
35	GGAGCTC	7	445	0.027551638
35	GTCTCCCC	8	444	0.027489724
35	GGTCGCC	7	444	0.027489724
35	AGCCCTGGTTC	11	442	0.027365896
35	GAGGCCC	7	442	0.027365896
35	GGTTGGC	7	442	0.027365896
35	GTCGCC	6	442	0.027365896
35	CCCTTACGTGGGGC	14	441	0.027303982
35	GGG	3	441	0.027303982
35	GGCGGACC	8	438	0.027118241
35	AGGGGC	6	438	0.027118241
35	CTCTGCCC	8	437	0.027056327
36	TAGCGGACCT	10	436	0.026994414
35	AAGCCC	6	436	0.026994414
35	AGACTGAGCAC	11	435	0.0269325
35	GGCTCAGGCCC	11	435	0.0269325
35	GGTGCTTCCC	10	434	0.026870586
35	ACCCCCC	7	434	0.026870586
35	CCTGGCTT	8	433	0.026808672
35	GCTGCC	6	433	0.026808672
35	GGCTCCCC	8	431	0.026684845
35	CGGCGTTT	8	430	0.026622931
35	GCTCGCT	7	430	0.026622931
35	AGGCCTT	7	429	0.026561017
35	GGGGAC	6	429	0.026561017
35	AGAGGCCGCT	10	427	0.026437189
35	AGCGACCC	8	426	0.026375276
35	AGGTTTTTCCCTCCC	15	425	0.026313362
36	CGTCCCTT	8	422	0.02612762
35	AGGGGGAC	8	421	0.026065707
35	ACATCACT	8	418	0.025879965
35	GGGAGC	6	416	0.025756138
35	CGGGGGC	7	415	0.025694224
35	CCCCCCT	7	413	0.025570396
36	CGCCCAT	7	412	0.025508482
35	GCCCCCTC	8	410	0.025384655
36	TCCCCCT	7	410	0.025384655
35	ACTCTCTC	8	409	0.025322741
35	AGAGGCCT	8	409	0.025322741
35	AACCTTCCCC	10	408	0.025260827
35	ACTTCTCT	8	408	0.025260827
35	GACCGTGAACCC	12	407	0.025198914
35	GCTATTAGGC	10	407	0.025198914
35	AGGGGGCC	8	406	0.025137
35	GCGGC	5	406	0.025137
35	AGCCCCTGCCTC	12	402	0.024889345
35	ACCTGCC	7	402	0.024889345
35	GACCCCC	7	402	0.024889345
35	GGGGGT	6	402	0.024889345
37	CCCCTG	6	401	0.024827431
35	GCCCGGGC	8	400	0.024765517
35	GGGTTT	6	400	0.024765517
36	TGGCCTCT	8	397	0.024579776
35	GGCTCC	6	396	0.024517862
36	CCCT	4	396	0.024517862
35	ACCCGATA	8	394	0.024394034
35	GGGCTCTC	8	394	0.024394034
35	GTTCCCC	7	394	0.024394034
35	AGGCCT	6	393	0.02433212
35	GCCCTTGG	8	391	0.024208293
35	AGACGGGCC	9	388	0.024022551
35	ATTCGAGGTTTTCA	14	386	0.023898724
35	GCTTCTCC	8	383	0.023712983
35	GTGAAGGC	8	382	0.023651069
36	CGGGGGGG	8	382	0.023651069
36	CCCTTTT	7	382	0.023651069
36	TGCCCT	6	382	0.023651069
35	AGGTTT	6	381	0.023589155
35	GACCGAGCCC	10	379	0.023465327
35	AGCCCTGC	8	379	0.023465327
35	GAACCCAG	8	378	0.023403414
35	GCCCTC	6	377	0.0233415
36	CG	2	377	0.0233415
35	AAAAGAACCC	10	375	0.023217672
35	GGCCCGGGC	9	375	0.023217672
35	GGGGTGAG	8	375	0.023217672
35	AGGGGGA	7	375	0.023217672
35	GTAGGCC	7	374	0.023155758
36	TAGACT	6	374	0.023155758
35	GGGTCCCC	8	373	0.023093845
35	GCCCAGCCCACTC	13	371	0.022970017
35	ATCCAAGC	8	371	0.022970017
35	GGGGGGT	7	369	0.022846189
36	CCGCACG	7	369	0.022846189
35	GTACCCCC	8	368	0.022784276
35	GGGGGA	6	368	0.022784276
35	CTTCGTGC	8	367	0.022722362
35	GTCCC	5	367	0.022722362
35	GGGCTGA	7	365	0.022598534
36	TCCGACT	7	364	0.02253662
35	CCTTCCCC	8	363	0.022474707
36	CCAGCCCT	8	363	0.022474707
35	GCCGGCC	7	362	0.022412793
35	AA	2	362	0.022412793
36	CCGGTTCCTTTT	12	361	0.022350879
35	GGCGCCCC	8	360	0.022288965
35	GGACCCT	7	360	0.022288965
35	AGGGGGGT	8	359	0.022227051
35	GGCCCTCT	8	358	0.022165138
35	GTCCGGTC	8	358	0.022165138
35	AGGTCTT	7	358	0.022165138
35	AGGGCCT	7	357	0.022103224
35	GCCCGCCC	8	356	0.02204131
35	GGGCCCCT	8	354	0.021917483
37	GGACCTG	7	354	0.021917483
35	CCCCCTAGCGAGGC	14	352	0.021793655
35	CCCTTAGGGCTTGC	14	350	0.021669827
35	GGTAAGGC	8	349	0.021607914
35	GCTGGGCC	8	348	0.021546
35	GGGAGCCC	8	348	0.021546
35	GCCTCAGTCCCC	12	347	0.021484086
35	AACGTAGTCTC	11	347	0.021484086
35	GGCCCCAGTC	10	347	0.021484086
35	ATACTTTT	8	347	0.021484086
36	CCCTCTAT	8	347	0.021484086
35	GAGGC	5	347	0.021484086
35	GCGGGC	6	346	0.021422172
35	GGGAAGGC	8	345	0.021360258
35	AAGTGGATCC	10	343	0.021236431
35	GACCCCCC	8	343	0.021236431
36	CCCGGGGT	8	343	0.021236431
35	GCCCGCCTCAGTCC	14	342	0.021174517
35	CCGGCCCT	8	342	0.021174517
35	GGCGGCTC	8	341	0.021112603
35	CCCCCT	6	341	0.021112603
35	AAGCC	5	341	0.021112603
35	GGCTCTGGCCT	11	340	0.021050689
36	CCCAGACCT	9	340	0.021050689
35	GGAGCCC	7	339	0.020988776
35	CCT	3	338	0.020926862
36	CCCTAGCTCAGTTA	14	337	0.020864948
35	GTCGCCC	7	337	0.020864948
36	TCCTT	5	337	0.020864948
35	CCTCTTAC	8	336	0.020803034
36	TTCCCT	6	335	0.02074112
35	GGGAGCC	7	334	0.020679207
35	GGCTCCCCG	9	333	0.020617293
35	GGGCCTT	7	333	0.020617293
36	CGGAACT	7	333	0.020617293
35	ACCGAGGTTCT	11	332	0.020555379
35	AGAGGGAC	8	332	0.020555379
35	GGGGGCACCCC	11	331	0.020493465
35	CCCGAACC	8	331	0.020493465
35	CCCGTTTT	8	331	0.020493465
35	GTCCGAGGTT	10	330	0.020431552
35	GGTCCCCC	8	330	0.020431552
35	GGGCGCC	7	330	0.020431552
35	GGTCCCT	7	330	0.020431552
35	GTCCCCCC	8	329	0.020369638
35	CTTCCCC	7	329	0.020369638
35	GGAAGAAGTC	10	328	0.020307724
35	AGGGGACC	8	328	0.020307724
35	AGGGAAC	7	328	0.020307724
36	CCCCCCT	7	328	0.020307724
35	AAGCCCCCC	9	326	0.020183896
35	ATCCGCT	7	326	0.020183896
35	CCGCCCCC	8	325	0.020121983
35	CTTGGCTCTCTC	12	323	0.019998155
35	GGTCCCAC	8	322	0.019936241
35	GTCGGGCC	8	322	0.019936241
35	GGTCCTCGGC	10	321	0.019874327
35	GGCCGC	6	321	0.019874327
35	CCGCTTCGGCC	11	320	0.019812414
35	GTTCCCT	7	320	0.019812414
35	GGAGGCC	7	319	0.0197505
35	GCTCCCAG	8	318	0.019688586
36	TCCCCCCCT	9	317	0.019626672
35	GCCTCAAC	8	317	0.019626672
35	AAGTTCGGGCCC	12	316	0.019564758
35	CCCCT	5	315	0.019502845
35	GCCTCCCG	8	314	0.019440931
36	TAAACAT	7	314	0.019440931
35	GGGGGG	6	314	0.019440931
35	GGCTGGT	7	312	0.019317103
36	CTCCTGGGGGCCCT	14	309	0.019131362
35	GGCCCAGCC	9	309	0.019131362
36	CTTGGTT	7	309	0.019131362
35	GGGGGGCC	8	308	0.019069448
36	CGAACTCT	8	308	0.019069448
35	GGCGCCC	7	308	0.019069448
35	AGACTGAGAC	10	307	0.019007534
35	GTCCTCCC	8	307	0.019007534
36	CTCGGTTAGAGCTA	14	306	0.01894562
35	AGCCCAAC	8	306	0.01894562
35	GCCTGGCC	8	306	0.01894562
35	AGCCCC	6	306	0.01894562
35	AGCCCGGTT	9	304	0.018821793
35	GAGGGCCC	8	304	0.018821793
35	GCCTGGTTCT	10	303	0.018759879
35	AACCTTCC	8	303	0.018759879
35	GGCT	4	302	0.018697965
35	GGAACGTGCCCC	12	301	0.018636052
36	CCCCCCGT	8	301	0.018636052
35	GGCTAC	6	301	0.018636052
35	ACCCCTTGGTCCC	13	300	0.018574138
35	GCTAAACC	8	299	0.018512224
35	GGGTGCGC	8	299	0.018512224
35	GACGGGTGCC	10	298	0.01845031
35	ACCCCGGA	8	298	0.01845031
35	CCCCGCTC	8	298	0.01845031
35	CTCTCCGACCTC	12	296	0.018326483
35	GCTCTTCGGGGC	12	296	0.018326483
35	AACCGGTT	8	295	0.018264569
36	CCCGCTTT	8	295	0.018264569
35	GGGGACT	7	295	0.018264569
35	GGGAGGCC	8	294	0.018202655
37	GGCCCCTG	8	294	0.018202655
35	CGCGAGT	7	294	0.018202655
35	GGGACCC	7	294	0.018202655
35	GCCTTCCC	8	293	0.018140741
35	AGGGC	5	293	0.018140741
35	AGGTGGTCCC	10	292	0.018078827
35	AGGGCCCT	8	292	0.018078827
35	GTCC	4	291	0.018016914
36	CCAAGTGCT	9	290	0.017955
35	GGCCTCCC	8	290	0.017955
35	GGTCCTTGAT	10	288	0.017831172
35	CCCCGCCC	8	288	0.017831172
35	CCCCGTCCCCC	11	287	0.017769258
35	CCCCGCC	7	287	0.017769258
35	GGGGCG	6	287	0.017769258
35	GGTGGGGGCC	10	286	0.017707345
35	GCCCCGCGGCCT	12	285	0.017645431
35	CAACTGACT	9	285	0.017645431
35	CCGGGCC	7	285	0.017645431
35	GGGGGTC	7	285	0.017645431
36	CTT	3	285	0.017645431
35	GGTGCTTCGC	10	284	0.017583517
35	GAGTCCCT	8	283	0.017521603
35	GTCTCCC	7	283	0.017521603
35	GGCTTC	6	283	0.017521603
35	CCTGAGTCT	9	281	0.017397776
35	GGGGCCTC	8	281	0.017397776
35	GGGGGCCC	8	281	0.017397776
35	CTT	3	281	0.017397776
35	GAAGAGACCGGGC	13	279	0.017273948
35	GGGCCTCGCCCCT	13	279	0.017273948
35	GACCCTGGGTC	11	279	0.017273948
36	TAGAGACT	8	278	0.017212034
35	AGGCGTCT	8	276	0.017088207
35	GGGGCT	6	276	0.017088207
35	GGT	3	276	0.017088207
36	AGTTCCCT	8	275	0.017026293
35	GCCT	4	275	0.017026293
35	AAGCCTCC	8	274	0.016964379
35	CCCCTC	6	274	0.016964379
35	CTCGG	5	273	0.016902465
35	CCCTGGGC	8	272	0.016840552
35	AGGC	4	272	0.016840552
35	AAAAGGTCCATC	12	271	0.016778638
35	GGAGGGC	7	271	0.016778638
35	GTCTTAGGC	9	270	0.016716724
35	CCCTCCCC	8	270	0.016716724
35	GCCCTCCC	8	270	0.016716724
35	GCTAGACC	8	269	0.01665481
35	CCCACC	6	269	0.01665481
35	GGCGCC	6	269	0.01665481
36	TCCCCCCCGGGT	12	268	0.016592896
35	CTTCGGGA	8	267	0.016530983
35	CTTCGGC	7	267	0.016530983
35	GACCGCC	7	267	0.016530983
35	AGCGTCAGGT	10	266	0.016469069
35	ACTCCC	6	266	0.016469069
35	GCTCCC	6	266	0.016469069
35	GGCCTGAC	8	265	0.016407155
36	CTTCCT	6	265	0.016407155
35	GGGGGCT	7	264	0.016345241
35	AAGCCCC	7	262	0.016221414
35	ACCGCCC	7	262	0.016221414
35	CCTGGCT	7	262	0.016221414
35	GGGGTC	6	262	0.016221414
35	GTGCCCT	7	261	0.0161595
36	CTAACT	6	261	0.0161595
35	GGCCCTCC	8	260	0.016097586
35	GGGCCTCC	8	260	0.016097586
36	TGGCCTTT	8	260	0.016097586
36	CCCGCCTT	8	259	0.016035672
36	CCCCGCCTT	9	258	0.015973758
35	CCCCCCCT	8	258	0.015973758
35	GCTCCCCC	8	258	0.015973758
35	GTGGGCCA	8	258	0.015973758
35	AGGGACC	7	258	0.015973758
35	AACGTTCC	8	257	0.015911845
35	AGACCCCC	8	257	0.015911845
35	GGGCGCCC	8	257	0.015911845
36	CGGGGCCT	8	257	0.015911845
35	GCTCCCC	7	257	0.015911845
35	GGGGGAC	7	257	0.015911845
35	GCAGGGGA	8	256	0.015849931
36	CCCCCCCT	8	256	0.015849931
35	CGGAATC	7	256	0.015849931
35	GCCCTT	6	256	0.015849931
35	GCCGGCGTTCTT	12	255	0.015788017
35	GCCCAGTTTTT	11	255	0.015788017
35	GTCGGGTGGGA	11	255	0.015788017
35	ATGCTCGGGA	10	254	0.015726103
36	CGGTCCCT	8	254	0.015726103
35	GGGGACC	7	254	0.015726103
35	ACCTCAGTGCTCAG	14	253	0.015664189
35	CTCTGCTCCTC	11	252	0.015602276
35	GCCTTGGTT	9	252	0.015602276
36	CAGGCCCT	8	252	0.015602276
35	GGGGTTTTTTCCG	13	251	0.015540362
35	GCCTAAGGGAC	11	251	0.015540362
35	AGCCTTGCCT	10	251	0.015540362
35	GGACCCCC	8	251	0.015540362
35	GGCCCCGT	8	251	0.015540362
35	GTTCTCCG	8	251	0.015540362
35	CCCT	4	251	0.015540362
35	AGGGGCGC	8	250	0.015478448
35	CCAGGCCC	8	250	0.015478448
35	GTTTCCCC	8	250	0.015478448
36	CCCCCTT	7	249	0.015416534
36	CGGCCTT	7	248	0.015354621
35	GGCCCCGCCCA	11	247	0.015292707
35	GACCCCCT	8	247	0.015292707
35	CCCGTGA	7	247	0.015292707
35	GAAAGGGAAC	10	246	0.015230793
35	CCCCGGGC	8	246	0.015230793
36	ACTGGGCT	8	246	0.015230793
35	CTC	3	246	0.015230793
35	GGCCCCCCG	9	245	0.015168879
35	GGGCGGCC	8	245	0.015168879
35	GTGGCTC	7	245	0.015168879
35	AAAGGAAAAGGCC	13	244	0.015106965
35	AGCCTTGC	8	244	0.015106965
35	CGAGGCC	7	244	0.015106965
35	ACCCCT	6	244	0.015106965
35	GCCGCC	6	244	0.015106965
35	ATGTCTCCTGAGC	13	243	0.015045052
35	ACTTCCC	7	243	0.015045052
35	GCTTAGC	7	243	0.015045052
36	TGCCCCT	7	243	0.015045052
35	GCTTAT	6	243	0.015045052
35	GCTCGGCC	8	242	0.014983138
35	GGGGGACC	8	242	0.014983138
35	AGCCT	5	242	0.014983138
35	ACGGTCTT	8	241	0.014921224
35	CTCTGCTA	8	241	0.014921224
35	AGGAGGACCC	10	239	0.014797396
35	AGGGGGTT	8	239	0.014797396
35	GGCCCCCT	8	239	0.014797396
35	GCCCGT	6	238	0.014735483
35	GCCTCC	6	238	0.014735483
35	GACCCTCTTTCCC	13	237	0.014673569
36	CTCAGACT	8	237	0.014673569
35	AGACCCT	7	237	0.014673569
35	ATCCCC	6	237	0.014673569
35	CGGGGC	6	237	0.014673569
35	ACCCTCCC	8	236	0.014611655
35	GCCCCTCC	8	235	0.014549741
35	GGATTGTC	8	235	0.014549741
36	TTCGGCT	7	235	0.014549741
36	CCTTTT	6	235	0.014549741
35	GCAGCAAG	8	234	0.014487827
35	GGCCGCC	7	234	0.014487827
35	GGTTCCC	7	233	0.014425914
35	AGGCCCCCGGGG	12	232	0.014364
36	CCGAGGAGCT	10	232	0.014364
35	ACTGAAT	7	232	0.014364
36	CACCCCT	7	232	0.014364
36	CCCGGCT	7	232	0.014364
36	TCCTTCT	7	232	0.014364
35	GGCAGT	6	232	0.014364
35	GAAACACTGAGAC	13	231	0.014302086
35	AACCCCCC	8	231	0.014302086
35	CCTCTTC	7	231	0.014302086
36	TAGGCCT	7	231	0.014302086
35	GTTTAGGG	8	230	0.014240172
36	CCGGCCGT	8	230	0.014240172
35	GTCCGCC	7	230	0.014240172
35	ACCTTTTGCCCT	12	229	0.014178258
36	AT	2	229	0.014178258
35	AGCGTGGA	8	228	0.014116345
35	ACCCCCT	7	228	0.014116345
35	CCCCGGT	7	228	0.014116345
35	GCCCCCCCCCTGGGT	15	227	0.014054431
35	GCCCGGCCC	9	227	0.014054431
35	AGGGGTCC	8	227	0.014054431
35	GCCCCGGG	8	227	0.014054431
35	GCTCGAAC	8	227	0.014054431
35	GAGGGC	6	227	0.014054431
36	CCCTT	5	227	0.014054431
35	GGGGAGGGCC	10	226	0.013992517
35	ACTCCGGG	8	226	0.013992517
35	ATTGCCCC	8	226	0.013992517
35	GGCCCTT	7	226	0.013992517
36	CCCCTCT	7	226	0.013992517
35	GTCTCC	6	226	0.013992517
35	GCACCGGAAT	10	225	0.013930603
35	ACCCGGCT	8	225	0.013930603
35	AGGGGCAA	8	225	0.013930603
35	GCCCCCCT	8	225	0.013930603
35	ACCCC	5	225	0.013930603
