35	CC	2	45900	3.202295048
35	CT	2	15909	1.10991965
35	GC	2	11739	0.818992191
35	GT	2	10216	0.71273739
36	CT	2	8301	0.579134013
35	GG	2	8280	0.577668911
36	TT	2	6206	0.432972616
35	GGGCC	5	5950	0.415112321
35	GCC	3	4921	0.343322308
36	T	1	4386	0.305997082
35	G	1	4276	0.298322737
35	C	1	3760	0.26232308
35	GGGGCC	6	2951	0.205881758
35	GGGCCC	6	2800	0.195346975
35	CG	2	2751	0.191928403
35	CCC	3	2750	0.191858636
35	GA	2	2646	0.184602891
35	GGGCCCC	7	2556	0.178323881
35	GGGGGGGC	8	2510	0.175114609
35	GGCCCC	6	2206	0.153905509
35	GAAATACC	8	1993	0.139045186
35	GGCCC	5	1912	0.133394077
35	AC	2	1846	0.12878947
35	GGGGCCT	7	1747	0.121882559
35	GGC	3	1743	0.121603492
35	AGGGGCC	7	1701	0.118673287
35	ACCCCCCT	8	1622	0.113161712
35	GGACGGCC	8	1592	0.111068708
35	GGGCGTCC	8	1542	0.10758037
35	CGGCGGGCTC	10	1539	0.107371069
35	GGCCCGGGGTGGGC	14	1526	0.106464101
35	ACTTAGGCCCT	11	1506	0.105068766
35	AGGCCCC	7	1501	0.104719932
35	GGCCCCCC	8	1499	0.104580398
35	A	1	1483	0.10346413
35	GCCCC	5	1478	0.103115296
35	GGGCGGCC	8	1460	0.101859494
36	CCCGGGGCCT	10	1441	0.100533925
35	GTTGGGAT	8	1429	0.099696724
35	GGGCCCT	7	1423	0.099278123
35	GAGGGCC	7	1414	0.098650222
35	GGGTCC	6	1379	0.096208385
35	ATCTGTGCCC	10	1376	0.095999085
35	ACCGAGCC	8	1366	0.095301417
35	CTCGCT	6	1365	0.09523165
35	GGCCCCC	7	1363	0.095092117
35	AAACACTGAGAC	12	1354	0.094464216
36	CAGAGTT	7	1334	0.09306888
35	AGAC	4	1333	0.092999113
35	GGCTTGCC	8	1312	0.091534011
35	GGGCCT	6	1311	0.091464244
36	TAGACT	6	1281	0.089371241
35	GGGC	4	1277	0.089092174
35	CCCGGCCT	8	1252	0.087348004
35	ACCCCCCC	8	1226	0.085534068
36	CCCCT	5	1226	0.085534068
35	AT	2	1206	0.084138733
35	AACCGGC	7	1195	0.083371298
36	TGGGGCCT	8	1193	0.083231765
35	GCCAGCTTTTCCC	13	1190	0.083022464
35	CCGCCGC	7	1188	0.082882931
35	GGAAGGTT	8	1173	0.081836429
35	GGGAGGCC	8	1170	0.081627129
35	AGGAGGTT	8	1166	0.081348062
36	TGCCCT	6	1159	0.080859694
35	ATCTGTGCC	9	1148	0.08009226
35	GAGAACGCC	9	1146	0.079952726
35	CCCCTAGGTTCGGGT	15	1143	0.079743426
36	CCT	3	1143	0.079743426
35	ACCCTCGGCT	10	1126	0.07855739
35	GCGGACCC	8	1124	0.078417857
36	TTGGGGTCT	9	1123	0.07834809
35	GGGCCTT	7	1109	0.077371355
35	AGTCCCT	7	1092	0.07618532
35	GCCCCC	6	1082	0.075487652
35	GAACTCAGTC	10	1043	0.072766748
35	GACCCC	6	1027	0.07165048
35	AGGACGGC	8	1026	0.071580713
35	GGCCCCCG	8	1022	0.071301646
35	CCCCTTTCCACCTC	14	1020	0.071162112
35	AACCTCCC	8	1017	0.070952812
35	CCCCC	5	1000	0.069766777
35	GGAGGGGGA	9	995	0.069417943
35	AGGGCCTT	8	992	0.069208642
35	GGCCGGGGCCT	11	991	0.069138876
35	GCCCCTCCCT	10	987	0.068859809
35	GGGGCCC	7	983	0.068580741
35	GGCTAGGCC	9	981	0.068441208
35	GGCC	4	980	0.068371441
35	GTACCTCTACTCCC	14	977	0.068162141
36	CCTCGGACCGGGCGT	15	971	0.06774354
35	CCAGGGC	7	968	0.06753424
35	CGGCCCGGTC	10	967	0.067464473
35	AG	2	967	0.067464473
35	GACGGGTC	8	961	0.067045872
35	GTATTCAA	8	954	0.066557505
35	AGGTGCCCCCC	11	948	0.066138904
35	AGGTGTCT	8	947	0.066069137
36	CAAGCCT	7	938	0.065441236
35	GGGTAGG	7	926	0.064604035
35	CCGGGCCT	8	924	0.064464502
35	AGGCCC	6	921	0.064255201
35	GGCTCC	6	908	0.063348233
36	CAGGCTT	7	904	0.063069166
35	GCCCCGGG	8	901	0.062859866
35	CTTGGCC	7	901	0.062859866
35	GGGTTAAGGA	10	896	0.062511032
35	GGGGGGCA	8	889	0.062022664
35	AGTCATTCCC	10	888	0.061952898
35	GGTCCCTCCT	10	883	0.061604064
35	GAAGCCT	7	881	0.06146453
35	GAAGGAAAGA	10	874	0.060976163
35	CCCTTGGT	8	870	0.060697096
35	GCCTAGCC	8	868	0.060557562
35	GTCCCC	6	861	0.060069195
35	GTTCGAGC	8	858	0.059859894
35	GCTCGGTT	8	854	0.059580827
35	AGGGCCC	7	854	0.059580827
35	CTCGGGCCC	9	852	0.059441294
35	GGGCCTTTCTCCC	13	849	0.059231993
35	CA	2	848	0.059162227
36	CGGCCCT	7	842	0.058743626
35	GTCTCC	6	842	0.058743626
35	GGTCCCT	7	834	0.058185492
36	TAAAGGAAGT	10	823	0.057418057
35	AGTCGGGCC	9	822	0.05734829
35	GGCGCTC	7	820	0.057208757
35	CCCCCCC	7	817	0.056999457
35	GGAGGC	6	813	0.056720389
35	GTTTTCT	7	811	0.056580856
35	AGTGGGTC	8	808	0.056371556
35	CTTCCCC	7	803	0.056022722
35	GGCCTCTGTC	10	798	0.055673888
35	AACCCCTTCAGT	12	791	0.05518552
35	AGGGCCCC	8	787	0.054906453
36	CGGCCCCT	8	784	0.054697153
35	ACCCCC	6	781	0.054487853
35	GTGGCCT	7	779	0.054348319
35	GGTGGCCTC	9	777	0.054208785
35	GATCGTCC	8	774	0.053999485
35	AGCCCCC	7	774	0.053999485
35	GGCCGG	6	767	0.053511118
35	GCCCAAGGGCC	11	766	0.053441351
35	GTCCCCCGGAGT	12	764	0.053301817
35	CAGCGACT	8	758	0.052883217
35	GACAGGGG	8	758	0.052883217
35	AGGGAAAA	8	755	0.052673916
35	GAC	3	753	0.052534383
35	ATCTCCCC	8	750	0.052325082
35	GGGGCCCC	8	749	0.052255316
35	GGGGGC	6	749	0.052255316
36	TCTGACAT	8	745	0.051976249
35	GGGGC	5	745	0.051976249
35	CCT	3	741	0.051697181
35	GGCCGGGC	8	734	0.051208814
35	GTTTCTGCCCC	11	733	0.051139047
35	AGCCCCGC	8	733	0.051139047
35	GGAACGAC	8	732	0.051069281
35	GGATGCCT	8	731	0.050999514
35	GGGTCCCC	8	730	0.050929747
35	GGGT	4	727	0.050720447
35	GGGCCGCCCT	10	726	0.05065068
35	GGGAACCC	8	725	0.050580913
36	ACCAACCTACTCCT	14	724	0.050511146
35	AGCCCCTT	8	722	0.050371613
35	CTAACCT	7	720	0.050232079
35	GGAACCAC	8	714	0.049813479
35	GTC	3	710	0.049534411
35	GCCTCCCC	8	705	0.049185578
35	GGCCGGGTC	9	703	0.049046044
35	ATCGCT	6	703	0.049046044
35	GGAGGGCC	8	693	0.048348376
35	AGGGGCTC	8	687	0.047929776
36	ATTCCCT	7	686	0.047860009
35	GGCTCTGGTAACGC	14	685	0.047790242
35	GGCCT	5	675	0.047092574
35	CCCCTGTTTAAGC	13	674	0.047022807
35	GGGGGCC	7	671	0.046813507
36	CCCGGCCCCCCT	12	669	0.046673974
36	CCTGGCCCAACG	12	668	0.046604207
35	GGCTTGCCC	9	666	0.046464673
35	GTCCGGCC	8	666	0.046464673
35	GGCCGGCTTATC	12	664	0.04632514
35	ACCTGTCC	8	660	0.046046073
35	CCCCCC	6	660	0.046046073
35	GTTGCGCCC	9	659	0.045976306
35	GCCGAAT	7	659	0.045976306
35	GAGAGCCC	8	658	0.045906539
35	GGTTAGGGCCT	11	655	0.045697239
36	AGTGGTCT	8	654	0.045627472
35	GGGGGTTT	8	652	0.045487938
35	GTCCGC	6	652	0.045487938
35	GGGTC	5	652	0.045487938
35	GCCCCCCC	8	644	0.044929804
35	GCCGCCCT	8	644	0.044929804
35	GCTCCCC	7	637	0.044441437
35	GCCC	4	636	0.04437167
35	AGGGGGG	7	630	0.043953069
35	GCCTGTCCCTT	11	628	0.043813536
35	GCCTGT	6	624	0.043534469
35	CTGGTTCT	8	623	0.043464702
35	GGCCGGGGCCCC	12	622	0.043394935
35	GGCCCCCT	8	621	0.043325168
35	GGGGCGG	7	618	0.043115868
35	AAGCCCTGGC	10	616	0.042976334
35	CCCCCCCC	8	614	0.042836801
35	ACCCGCC	7	614	0.042836801
35	CTTTAAC	7	614	0.042836801
35	GGTCCCC	7	614	0.042836801
35	AACCGT	6	609	0.042487967
35	ACCCTAGGGTCCT	13	607	0.042348433
35	ACCTCCCC	8	605	0.0422089
35	CCAGGGG	7	605	0.0422089
35	GGGGGT	6	603	0.042069366
35	ACGGGGCG	8	602	0.0419996
35	AGGGCC	6	602	0.0419996
35	GGGTCCC	7	597	0.041650766
35	GACCTAGTC	9	596	0.041580999
35	GCTGC	5	590	0.041162398
35	GCCCCGGGC	9	589	0.041092631
35	ACCCCCCGGCTT	12	587	0.040953098
35	GCCTGGGT	8	587	0.040953098
35	GGTCCTTGCTGCATT	15	586	0.040883331
35	AGGGGTC	7	586	0.040883331
35	CCCTTGACTTG	11	585	0.040813564
36	CACCTGGGGCCTT	13	583	0.040674031
35	ACCTCCCG	8	582	0.040604264
35	GGCCGCCC	8	582	0.040604264
36	CGTGCCCT	8	579	0.040394964
35	CCCCTGTT	8	578	0.040325197
35	AAGGGCCC	8	575	0.040115897
35	AACCCCTT	8	572	0.039906596
36	CGGGACT	7	571	0.039836829
35	GGCGCC	6	571	0.039836829
35	CCCCTGGA	8	565	0.039418229
35	CTTGGAAGGC	10	564	0.039348462
35	GGACCCC	7	564	0.039348462
35	CCCAAGC	7	561	0.039139162
35	ACC	3	560	0.039069395
35	CCCCGCCT	8	559	0.038999628
35	AGGTGGTG	8	556	0.038790328
35	GGGTGCCC	8	554	0.038650794
35	GTGGCCC	7	551	0.038441494
35	AGGCCGGT	8	550	0.038371727
35	CCTTGGCG	8	548	0.038232194
35	GTTCCTTC	8	545	0.038022893
35	ACTTGAGGGGGGT	13	544	0.037953126
35	GGCCTCGC	8	544	0.037953126
35	GGG	3	542	0.037813593
36	CCTGAAGGGGACT	13	541	0.037743826
35	GTTCTT	6	541	0.037743826
35	AGGCC	5	541	0.037743826
35	CCCC	4	536	0.037394992
35	CCCGTCGC	8	535	0.037325226
35	GCCGAGC	7	535	0.037325226
36	CAGGGACCT	9	534	0.037255459
35	GGGGGCCCTGTC	12	533	0.037185692
36	CTGCCCTCAGTCT	13	531	0.037046158
35	ACCCCTTCCC	10	530	0.036976392
35	GGCCGC	6	530	0.036976392
35	AAGGTCCC	8	529	0.036906625
35	GCACCTCTCGGAC	13	526	0.036697325
35	GTCCCCTCGCT	11	525	0.036627558
35	GGGGGGG	7	525	0.036627558
35	CCCGCCT	7	524	0.036557791
35	GGTCGTTCCGCCC	13	523	0.036488024
35	AGGACCCC	8	523	0.036488024
35	AAGTTGGC	8	522	0.036418257
35	CCTTCCCC	8	522	0.036418257
35	AAACACCGAGAC	12	520	0.036278724
36	TAGAGGTTAGCAAGG	15	517	0.036069424
35	GGCTCCCC	8	515	0.03592989
35	GCCCCCCT	8	513	0.035790356
35	GGGTCCCT	8	513	0.035790356
35	GTCACCCGCC	10	508	0.035441523
35	GACAGGTCC	9	508	0.035441523
35	GGGCCCCC	8	508	0.035441523
35	CTGGGCT	7	507	0.035371756
35	GGCCGCC	7	507	0.035371756
35	AGGGGC	6	502	0.035022922
36	CCCTTGAT	8	497	0.034674088
35	GGGTCCCG	8	494	0.034464788
35	GGGGCCTC	8	492	0.034325254
35	GCCCCCC	7	492	0.034325254
35	GCCTTCCC	8	489	0.034115954
35	GGCCCGTTCGGCC	13	488	0.034046187
36	TAGAGGTTAGCACT	14	485	0.033836887
35	GGGGAGCT	8	485	0.033836887
35	GTCTCCGT	8	485	0.033836887
35	GTCCGG	6	483	0.033697353
35	AGGCCCCC	8	482	0.033627586
35	GAGGGGCT	8	480	0.033488053
35	GCCCCT	6	480	0.033488053
35	GCTATACCCT	10	479	0.033418286
35	GCAGCCCCCGGGGC	14	478	0.033348519
35	CTTGGGGC	8	478	0.033348519
35	GCCCGCGGTCT	11	477	0.033278752
35	GGCCTCGACC	10	476	0.033208986
35	ACCTTGCCCCTC	12	475	0.033139219
35	GGGTTCCC	8	475	0.033139219
36	ACGGCCT	7	474	0.033069452
36	CTCCCT	6	474	0.033069452
35	GGGCCCCGGTCC	12	473	0.032999685
35	GCCCCAGG	8	473	0.032999685
35	CTCTAAC	7	473	0.032999685
36	CTT	3	471	0.032860152
35	GCCCGCCC	8	470	0.032790385
35	GGGCCCCT	8	470	0.032790385
35	GCCCGGGA	8	469	0.032720618
35	AGATCTCGGCCCC	13	466	0.032511318
35	AGCCCTCC	8	464	0.032371784
35	GGAGGGGGCC	10	460	0.032092717
35	GAGGCC	6	460	0.032092717
35	GCT	3	460	0.032092717
35	GCCCTCCGGTCCC	13	456	0.03181365
35	GAGGGC	6	456	0.03181365
36	CCCGCCT	7	454	0.031674117
35	ACCCCGAC	8	453	0.03160435
35	ACCGGTTC	8	453	0.03160435
35	AGGGGACT	8	452	0.031534583
35	CCAGGGGGCCC	11	451	0.031464816
35	GGGGGGC	7	451	0.031464816
35	GTTGCC	6	450	0.031395049
35	GGTCCC	6	448	0.031255516
35	GGCGCCC	7	445	0.031046216
35	AGGCCGGGGAGCCT	14	442	0.030836915
35	AACTGAGCACGAAC	14	441	0.030767148
35	AGATCTCG	8	441	0.030767148
35	GTCTTCGG	8	439	0.030627615
35	AGGCGCCC	8	436	0.030418315
35	GGTCTCCC	8	436	0.030418315
35	GGTCCCGGCC	10	435	0.030348548
35	AGACTGAGAC	10	434	0.030278781
35	AGGCCGGTCC	10	433	0.030209014
35	GTGCCCCC	8	433	0.030209014
35	ACCGGTCGTGGGCTC	15	432	0.030139248
35	CACCGGGC	8	431	0.030069481
35	GGGCCGGGGC	10	429	0.029929947
35	GTCCGACTCC	10	426	0.029720647
35	GAGGTGC	7	426	0.029720647
36	CCCCCT	6	425	0.02965088
35	GGGGCCCCCGGAAC	14	422	0.02944158
35	GGACCCGGGC	10	422	0.02944158
35	GGTTCCTC	8	422	0.02944158
36	TCGTCCCT	8	421	0.029371813
35	GGCCTGACCG	10	420	0.029302046
35	CGTCGCTTCCGC	12	418	0.029162513
35	GTTTAGCCCC	10	418	0.029162513
35	GAGCCCTT	8	417	0.029092746
35	GTCAGTC	7	417	0.029092746
35	CAAGGCCC	8	416	0.029022979
36	CTAACT	6	416	0.029022979
36	ACCGGGT	7	415	0.028953212
35	GGGGGCCT	8	414	0.028883446
35	CCCCCT	6	414	0.028883446
35	AAGCTGCC	8	411	0.028674145
35	GTTGAGGACC	10	410	0.028604378
35	GTCTTTTTCAC	11	408	0.028464845
35	GGCCGGGGC	9	407	0.028395078
35	AGGCCCT	7	407	0.028395078
35	CACCCGT	7	407	0.028395078
36	TCGCCTT	7	407	0.028395078
35	AGGACC	6	407	0.028395078
35	GTTTTTCCCC	10	405	0.028255545
35	GTTCCTT	7	404	0.028185778
35	AGGTGCCACACCGC	14	403	0.028116011
35	AACTTGCCC	9	401	0.027976477
35	GTCCGACTCCGGGC	14	400	0.027906711
35	GGGGGGGCA	9	400	0.027906711
35	GGCCCT	6	400	0.027906711
35	GCGTTC	6	398	0.027767177
35	GCTCCC	6	398	0.027767177
35	GGTCCGAAAAAAA	13	397	0.02769741
35	GCCCGGGG	8	397	0.02769741
36	CTCAGTCT	8	395	0.027557877
35	GCTTGCCC	8	394	0.02748811
35	GGGCGCC	7	394	0.02748811
35	GCCTGCCC	8	393	0.027418343
35	AGTCTTTCCC	10	391	0.02727881
35	GTCAGGGA	8	391	0.02727881
35	GGAATGC	7	391	0.02727881
36	CTCCCTT	7	391	0.02727881
35	GCCCGGC	7	390	0.027209043
35	GCTCCCCCCC	10	387	0.026999743
35	AGACAGCCT	9	387	0.026999743
36	CGGGCT	6	387	0.026999743
35	GTCACCGC	8	386	0.026929976
35	GATAACCC	8	385	0.026860209
36	AGGGCCCT	8	385	0.026860209
36	CTGGAAT	7	385	0.026860209
35	GGTTCCTGGGCC	12	384	0.026790442
35	GGCCGGT	7	384	0.026790442
36	CAGAGTACTCCCCT	14	382	0.026650909
35	GCCTGCCT	8	382	0.026650909
35	CTCCCCC	7	382	0.026650909
35	AGACTGAGCTCTAAC	15	379	0.026441608
35	ACCGGTCGTGGGC	13	379	0.026441608
35	CTGGGCGCCCCT	12	378	0.026371842
35	AGTCGCCC	8	378	0.026371842
35	AGCCCTCGGGT	11	377	0.026302075
35	GGCAGGAA	8	377	0.026302075
35	GCTGGACCCT	10	375	0.026162541
35	CTCCGGTCC	9	375	0.026162541
35	GCCCGGTTTGGGT	13	374	0.026092774
35	ATCTCGGATCT	11	374	0.026092774
35	CGTCCCC	7	373	0.026023008
35	CCGCCCC	7	370	0.025813707
35	AGGGTCCC	8	369	0.025743941
35	GCTCTAAC	8	368	0.025674174
36	CCTCCCCT	8	368	0.025674174
35	AGGGGGC	7	368	0.025674174
36	CAGAGTACTCCCT	13	366	0.02553464
35	GCAGTAGC	8	363	0.02532534
35	GGTGTCCT	8	363	0.02532534
35	AGGCTCGT	8	361	0.025185806
35	GTACGAAGGA	10	360	0.02511604
35	GCCCAGGA	8	360	0.02511604
35	ACCCTCGTCCTGC	13	358	0.024976506
35	GGTGTCCTTT	10	358	0.024976506
35	GTCCGGTA	8	356	0.024836972
35	GCCGGAGGGCC	11	355	0.024767206
35	GGAGCGGCC	9	355	0.024767206
35	CCGGACCC	8	355	0.024767206
35	AGACCCC	7	355	0.024767206
35	ACTTGCGG	8	354	0.024697439
35	GTTGAGGAC	9	353	0.024627672
35	AGCCCCTC	8	353	0.024627672
35	GTAGGCC	7	352	0.024557905
35	GGTGGCC	7	351	0.024488139
35	GTTCCCGGCCCC	12	350	0.024418372
35	GGGGACCT	8	350	0.024418372
35	GGGCCTC	7	349	0.024348605
35	GCCTCGGGCCC	11	347	0.024209071
35	GGTTCAAGGC	10	347	0.024209071
35	GCCTCTTC	8	347	0.024209071
35	CCCCCCCT	8	346	0.024139305
35	GCCCTC	6	346	0.024139305
35	GTCTTAAGGG	10	344	0.023999771
35	GTCTTAAGG	9	344	0.023999771
35	GTTCGGCCCC	10	343	0.023930004
35	GGGGGCCC	8	343	0.023930004
35	CCCTACCC	8	342	0.023860238
35	AGGGACC	7	342	0.023860238
35	GGGGTT	6	342	0.023860238
35	GTGGCC	6	342	0.023860238
36	TGGGAT	6	342	0.023860238
35	GCCCTCCT	8	341	0.023790471
35	AGCGGTCC	8	340	0.023720704
35	AGGGCCA	7	340	0.023720704
36	CCCCCCT	7	340	0.023720704
35	CCCGGCC	7	338	0.023581171
36	CCCGGGGT	8	337	0.023511404
35	GATCCTT	7	336	0.023441637
35	GGTCTTTCCC	10	334	0.023302103
35	GAAAACCCC	9	334	0.023302103
35	AGAGCACGAGAC	12	333	0.023232337
35	CCCTGGGC	8	333	0.023232337
35	ATCGGCCCCT	10	330	0.023023036
35	GTTTTTCC	8	330	0.023023036
35	GGGGTC	6	330	0.023023036
35	CCCCCGGG	8	329	0.02295327
35	GGCCTCCC	8	329	0.02295327
35	AAAAGCACAAT	11	328	0.022883503
36	CGGGATCCCCT	11	328	0.022883503
35	ACCTCCTC	8	328	0.022883503
35	ACGAAGG	7	328	0.022883503
35	GCCCGC	6	328	0.022883503
36	CTAACGGCTGCTCT	14	327	0.022813736
35	ACCCCCCGGCT	11	327	0.022813736
35	GGGCTACTTC	10	327	0.022813736
35	ACTTTCCT	8	327	0.022813736
35	GGCGGGGA	8	327	0.022813736
35	CCGGCCC	7	327	0.022813736
35	GCTCTAGAAC	10	326	0.022743969
36	TCAGAATT	8	326	0.022743969
35	GAGCCCGA	8	324	0.022604436
35	GGGAACCT	8	324	0.022604436
35	GCCTCAAAGGC	11	323	0.022534669
35	AGAGAGGG	8	323	0.022534669
35	AGGTTTCT	8	323	0.022534669
35	GGGGGG	6	323	0.022534669
35	GGCCCGGC	8	322	0.022464902
35	GGCGGCTT	8	321	0.022395135
36	TAGAGCTCTAACT	13	318	0.022185835
36	CCCCACCTTT	10	318	0.022185835
35	AGCCGGGT	8	318	0.022185835
35	GAGCCC	6	318	0.022185835
35	AGCCGGGA	8	317	0.022116068
35	GCCCTCCC	8	317	0.022116068
35	GGTCCCCT	8	317	0.022116068
36	CGCTCT	6	317	0.022116068
35	GAATT	5	317	0.022116068
35	GGTCTATAGGCCC	13	316	0.022046301
35	ACGAGGCGTT	10	315	0.021976535
35	GGT	3	315	0.021976535
35	ACCCGCCC	8	314	0.021906768
35	ACAAGAAAAA	10	313	0.021837001
35	CCCGGG	6	312	0.021767234
35	GTTTGGGGAGC	11	311	0.021697468
35	CCGGGTCC	8	311	0.021697468
35	GGAGGGAC	8	311	0.021697468
35	AGGTCCC	7	311	0.021697468
35	GGGGACC	7	311	0.021697468
35	GGGGGA	6	311	0.021697468
36	ACCGCGGGTT	10	310	0.021627701
36	AATCCCT	7	310	0.021627701
35	GCTGCCCCT	9	309	0.021557934
35	CCCGTCCC	8	309	0.021557934
35	GCGGGCC	7	309	0.021557934
35	CCGCCGTT	8	308	0.021488167
35	CCCGAAA	7	308	0.021488167
35	GGGGGGA	7	308	0.021488167
35	AGG	3	308	0.021488167
35	GGCCCGTGC	9	307	0.0214184
34	TCTAAC	6	307	0.0214184
35	AGGCGGCT	8	306	0.021348634
35	GTCCCTCA	8	306	0.021348634
35	GAAATACCCT	10	305	0.021278867
35	AGGGAAAC	8	305	0.021278867
35	AGGCAGA	7	305	0.021278867
35	GCTACCACCCGGTC	14	304	0.0212091
36	CGGGGGGCT	9	304	0.0212091
35	GGGGGGCC	8	304	0.0212091
35	GGCCGGC	7	304	0.0212091
36	CTCCCCT	7	304	0.0212091
35	CCGGTCGC	8	303	0.021139333
35	GGAAAAA	7	303	0.021139333
35	AGCTCCGGC	9	302	0.021069567
35	ACCCTCAATCCG	12	301	0.0209998
35	GCCCCCTC	8	301	0.0209998
35	CGCGATT	7	301	0.0209998
35	GCCCCCT	7	301	0.0209998
35	GTCGGC	6	301	0.0209998
35	ACCCTTGTTCCGGGC	15	300	0.020930033
35	AAGTCCAGGCA	11	300	0.020930033
35	GGGCCTGGGCT	11	300	0.020930033
35	CCAGGAAC	8	300	0.020930033
35	GGGTAGAC	8	300	0.020930033
35	GCGGACTCCC	10	299	0.020860266
35	CTT	3	299	0.020860266
35	GGGGCCACTCCTC	13	298	0.020790499
35	GGGGCTCC	8	298	0.020790499
35	AGGGCCT	7	298	0.020790499
35	CCCGACT	7	298	0.020790499
36	ACCGGCCTAGAAACT	15	297	0.020720733
35	AGC	3	297	0.020720733
36	CCCCCTGGCGGGGT	14	296	0.020650966
35	CTGGTGGTTAGGC	13	296	0.020650966
35	GTCCACGGACCC	12	295	0.020581199
35	ACCCTGGCCC	10	295	0.020581199
35	GGGCCCGC	8	295	0.020581199
35	GGCT	4	295	0.020581199
37	TTAAAATG	8	294	0.020511432
35	GGCCCCT	7	294	0.020511432
35	ACCCCT	6	294	0.020511432
35	AGTCATTCCCGGA	13	293	0.020441666
35	GTCCCCGCCCT	11	293	0.020441666
35	GTCTCTAAGTT	11	293	0.020441666
35	GTCCCCCC	8	293	0.020441666
36	CCCCCCCT	8	293	0.020441666
35	GGGAGCC	7	293	0.020441666
35	ATGTCTT	7	292	0.020371899
35	CTTGGTC	7	292	0.020371899
36	CGCACTTTT	9	291	0.020302132
35	AGGCGCT	7	291	0.020302132
36	TTT	3	290	0.020232365
36	TAGTCTCGGT	10	289	0.020162598
35	GTTGAAGT	8	289	0.020162598
35	ATTCCCCC	8	288	0.020092832
35	GGTCCCTCCTCCCC	14	287	0.020023065
35	GGGGCGGG	8	287	0.020023065
35	GGATCCCCCCCG	12	286	0.019953298
35	ACCCGGGCCC	10	286	0.019953298
35	CGAGATAGAC	10	286	0.019953298
35	ATC	3	286	0.019953298
35	AGGTGGGCCCAGCTC	15	285	0.019883531
35	GGCTAGAGC	9	285	0.019883531
35	ACCTCCGCT	9	284	0.019813765
35	GTTCCC	6	284	0.019813765
35	GCTCCCCC	8	283	0.019743998
35	AACCGTACCC	10	282	0.019674231
35	GGCCTCTGGCC	11	281	0.019604464
35	GGGACCCT	8	281	0.019604464
36	CTCTAACT	8	281	0.019604464
35	GACCCT	6	281	0.019604464
35	AGATCTCGGCCCCC	14	279	0.019464931
35	GGCCTCGGA	9	279	0.019464931
35	GTTCGGTCT	9	279	0.019464931
36	TCTAGCTT	8	279	0.019464931
35	AGAGGAGGCCT	11	278	0.019395164
35	GGACCGGACC	10	278	0.019395164
35	ACGCTCCT	8	278	0.019395164
35	CCTGAGAC	8	278	0.019395164
35	GTTAGAC	7	278	0.019395164
35	AGACCAGGAGGCCCG	15	277	0.019325397
35	AGAGATTGGAAGCCT	15	277	0.019325397
35	GACCGGC	7	277	0.019325397
35	GGTCGCCC	8	276	0.01925563
35	AGGGGGA	7	275	0.019185864
35	AGGTCCCC	8	274	0.019116097
35	GCCTGGAA	8	274	0.019116097
36	CGCTCATT	8	273	0.01904633
35	GGGAGC	6	273	0.01904633
35	GTCCGGGG	8	272	0.018976563
35	GACCC	5	272	0.018976563
36	AGCTCAGGTTA	11	271	0.018906796
35	GGACCCCC	8	271	0.018906796
37	TTCCGGTG	8	271	0.018906796
35	GTCC	4	271	0.018906796
35	GTTTTCTT	8	270	0.01883703
36	CTCCTT	6	270	0.01883703
35	GTTTCAGGC	9	269	0.018767263
36	CCCGACCT	8	269	0.018767263
35	GTT	3	269	0.018767263
35	GCCCTTCC	8	268	0.018697496
35	GGCCCTT	7	268	0.018697496
36	TAATATT	7	268	0.018697496
35	GGGAACTCTGAGCC	14	266	0.018557963
35	CTAGCCCT	8	266	0.018557963
35	GCCCGTCC	8	266	0.018557963
35	GCTTGCC	7	266	0.018557963
35	AATGTTCT	8	265	0.018488196
35	CCTTGGTC	8	264	0.018418429
35	GGGATCCC	8	264	0.018418429
35	ACCCTGGG	8	263	0.018348662
35	GGCCTCT	7	263	0.018348662
35	GCCTCC	6	263	0.018348662
35	ATTTC	5	263	0.018348662
35	GCCTGGGGGCCT	12	262	0.018278895
35	GCCCGGT	7	262	0.018278895
35	CGCTTATAGCTT	12	261	0.018209129
35	GCCCGCCT	8	261	0.018209129
35	CCGGGCC	7	261	0.018209129
35	AA	2	261	0.018209129
36	CTCCCTCT	8	260	0.018139362
35	GGCCTT	6	260	0.018139362
35	GGCAGGGACCTC	12	259	0.018069595
35	AGGGGCCT	8	259	0.018069595
35	CCTCCGGGTCCCGG	14	258	0.017999828
35	CCCTCTGG	8	258	0.017999828
35	CGCCCTCGGA	10	257	0.017930062
35	GGGTCCTGGT	10	257	0.017930062
35	CCTGTCCC	8	256	0.017860295
35	GGACCCT	7	256	0.017860295
35	CCTTGAGGATCAGCC	15	255	0.017790528
35	CCGGGTGAAGAAC	13	255	0.017790528
35	CGACTTGAAGGCC	13	255	0.017790528
35	GTCCAGTGTTTT	12	255	0.017790528
35	GGGGCCCT	8	255	0.017790528
35	GGTTAGGGCCTACCT	15	254	0.017720761
35	GGGGGAC	7	254	0.017720761
35	GTCCCCC	7	253	0.017650994
35	AAGCCTCT	8	252	0.017581228
35	AACGTCG	7	252	0.017581228
35	ACCTTCCC	8	251	0.017511461
35	GGGCGGC	7	251	0.017511461
35	AGCTGCGGAAGCC	13	250	0.017441694
35	GGCCGTCCCCT	11	250	0.017441694
35	GGGACCCC	8	250	0.017441694
35	CTC	3	250	0.017441694
35	CCTGGCCC	8	249	0.017371927
35	GGTTAGAC	8	249	0.017371927
36	CCGGCCTT	8	249	0.017371927
36	CGGCCT	6	249	0.017371927
35	ACCC	4	249	0.017371927
35	ATCTCCCGACT	11	248	0.017302161
35	ACCCC	5	248	0.017302161
36	CTAGCTCTAACT	12	247	0.017232394
35	GGCCCGGCGC	10	247	0.017232394
35	GCTCGGGC	8	247	0.017232394
35	GGCCACCC	8	247	0.017232394
35	GCCTCCC	7	247	0.017232394
35	GCCCGGTTCC	10	246	0.017162627
36	CTAGTT	6	245	0.01709286
35	CCTCCCC	7	244	0.017023094
36	CTCCCGGTTTCT	12	243	0.016953327
35	GATCGGGCCTT	11	243	0.016953327
35	GCCACGGCCGG	11	243	0.016953327
35	CCTGCCCATC	10	243	0.016953327
35	GGGGAGTTCC	10	243	0.016953327
35	GTTAGGCC	8	243	0.016953327
35	GGGGAGC	7	243	0.016953327
35	GGCGTGCC	8	242	0.01688356
35	GCCTTTGGTCCTT	13	241	0.016813793
35	GGCCCCG	7	241	0.016813793
36	CCCT	4	241	0.016813793
36	CCCTAGAT	8	240	0.016744026
35	AACCGCC	7	240	0.016744026
36	CCTGTT	6	240	0.016744026
35	GGGCCGGGC	9	239	0.01667426
35	AGAGGACC	8	239	0.01667426
36	CCCTT	5	239	0.01667426
35	AGGACCC	7	238	0.016604493
35	GGCCTGCGGCCC	12	237	0.016534726
35	AGGGCCTTCT	10	236	0.016464959
35	GAGTCCCCCGGCTCC	15	235	0.016395193
35	AGGCGCTGGGGG	12	235	0.016395193
35	GGGCTTGCCAC	11	235	0.016395193
35	ACTGGGCC	8	235	0.016395193
35	GAGGCCC	7	235	0.016395193
35	CACTGGCCCC	10	234	0.016325426
35	GCTGCC	6	234	0.016325426
35	AGCGCCTCCCC	11	233	0.016255659
35	GTTTCCCC	8	233	0.016255659
35	GGCCCGC	7	233	0.016255659
36	CGCCCT	6	233	0.016255659
35	GTCCAGTGTTCCA	13	231	0.016116125
35	GCCAGAGTTT	10	231	0.016116125
35	GACCCCCT	8	231	0.016116125
35	GTTAGTTGAGGATA	14	230	0.016046359
35	AGCGCACC	8	230	0.016046359
35	GGCGCCCC	8	230	0.016046359
35	AGGGTCT	7	230	0.016046359
35	GTTCCCC	7	230	0.016046359
35	GGCTCTGAGGCCT	13	229	0.015976592
35	ACGTTCCT	8	229	0.015976592
35	AGGTAAGA	8	229	0.015976592
35	GCTAGGCT	8	229	0.015976592
35	CGTGATCTCCGC	12	228	0.015906825
35	GCCCGGAGCC	10	228	0.015906825
35	GGCCCCTT	8	228	0.015906825
35	GGTTAGGT	8	228	0.015906825
35	GTTCCCCGGTCCC	13	227	0.015837058
36	TGCTCAGACT	10	227	0.015837058
35	GGGAGGAA	8	227	0.015837058
35	CGGCCCGGGACC	12	225	0.015697525
35	GCCCCTGCCAT	11	225	0.015697525
35	GGTTCCGTCT	10	225	0.015697525
35	ACCGGTCC	8	225	0.015697525
35	AGCCCCCC	8	225	0.015697525
35	CCGGTCCC	8	225	0.015697525
35	AGTAAAAC	8	223	0.015557991
35	GCCCCTGC	8	223	0.015557991
35	AGCCCCT	7	223	0.015557991
35	GCCCACCAGGGC	12	222	0.015488224
35	CGCTCAGCCCT	11	222	0.015488224
35	GGCGCTCT	8	222	0.015488224
35	AGGCCTT	7	222	0.015488224
36	TTCCCT	6	222	0.015488224
35	GGTCTAGA	8	221	0.015418458
35	GTTAGAGC	8	221	0.015418458
35	GGGCTT	6	221	0.015418458
35	CCCCGGG	7	219	0.015278924
35	GGCCTCC	7	219	0.015278924
36	CTTCTCCTCT	10	218	0.015209157
35	AGCCCCCA	8	218	0.015209157
35	GAATCTCC	8	218	0.015209157
35	GGCCCTGC	8	218	0.015209157
35	GGCTCCC	7	218	0.015209157
35	GCCACT	6	218	0.015209157
36	CCCCTT	6	218	0.015209157
35	CCCCT	5	218	0.015209157
35	GCCCT	5	218	0.015209157
35	GCTCCCGTTGTC	12	217	0.015139391
35	CCCCCCTACC	10	217	0.015139391
35	CCCCGGGCC	9	217	0.015139391
35	CTCCCTT	7	217	0.015139391
35	GGCCGGAAACCT	12	216	0.015069624
36	TAGACTGAGACT	12	216	0.015069624
35	GCCCCGGGGAA	11	216	0.015069624
35	ACCCTTGG	8	216	0.015069624
35	GTCCTCCC	8	216	0.015069624
35	GTCCTCC	7	216	0.015069624
35	GTCT	4	216	0.015069624
35	AGGTCCGAGCC	11	215	0.014999857
35	GGCAAAGGCC	10	215	0.014999857
36	CCCACAGT	8	215	0.014999857
36	CCTCGTCT	8	215	0.014999857
36	CCGGGCT	7	215	0.014999857
35	GCCT	4	215	0.014999857
36	CGGACACCCT	10	214	0.01493009
35	CCTGGCGT	8	214	0.01493009
35	GCCCCGGC	8	214	0.01493009
35	GGGGACCC	8	214	0.01493009
35	AACCCCG	7	214	0.01493009
35	AGGCGGCC	8	213	0.014860323
35	CCGGGGCC	8	212	0.014790557
35	GACGGTC	7	212	0.014790557
35	GTTCTTT	7	212	0.014790557
35	ACGGGC	6	212	0.014790557
35	AGCCCTCCCGGGG	13	211	0.01472079
35	ACCGCTGGGGCC	12	211	0.01472079
35	AAGGCTGGCT	10	211	0.01472079
36	CCTTACCCT	9	211	0.01472079
35	GGCGACCC	8	211	0.01472079
35	CCCAGAC	7	211	0.01472079
35	ACCGCC	6	211	0.01472079
35	GAGGC	5	211	0.01472079
36	TAGTTAGCTCTAACT	15	210	0.014651023
35	ACTCAGGGCCC	11	210	0.014651023
35	GATGCTCGTCA	11	210	0.014651023
35	GGTCCTTGCT	10	210	0.014651023
35	AGCGCCCC	8	210	0.014651023
35	GCTATCCC	8	210	0.014651023
35	GTCGGGCC	8	210	0.014651023
36	TAGAGACT	8	210	0.014651023
36	TTCCCTT	7	210	0.014651023
35	GCTCT	5	209	0.014581256
35	AGGCCACGGGC	11	208	0.01451149
35	ACCGGGTAT	9	208	0.01451149
35	GAGTCCCT	8	208	0.01451149
35	GCCCGGAC	8	208	0.01451149
35	GCTGGGGG	8	208	0.01451149
37	TG	2	208	0.01451149
35	ACAGGCCTCGGGACC	15	207	0.014441723
35	GTGTGAAGTCT	11	207	0.014441723
35	CTTTGACCCC	10	207	0.014441723
36	AAGAAACT	8	207	0.014441723
35	GGGCCCCGGGGG	12	206	0.014371956
35	ACCACGGC	8	206	0.014371956
35	CCTGCCCC	8	206	0.014371956
35	GAAGAGGC	8	206	0.014371956
35	GCCCCTCT	8	206	0.014371956
36	CTTCCCCT	8	206	0.014371956
35	GGGCTTCCCCCGCC	14	205	0.014302189
35	GGCAGACCCCG	11	205	0.014302189
35	CCCGGGCC	8	205	0.014302189
35	GGGTTGG	7	204	0.014232422
35	GGCTTCCCC	9	203	0.014162656
35	AAGCCCCC	8	203	0.014162656
35	GTTCGCC	7	203	0.014162656
35	GGCCGGCC	8	202	0.014092889
35	ACTCTGACTAGT	12	201	0.014023122
35	CCCAGGCCCCTC	12	201	0.014023122
35	CCCCGGGCCC	10	201	0.014023122
35	GGGCCCAA	8	201	0.014023122
35	CCTTTT	6	201	0.014023122
35	CGGGGGGGGGGCTT	14	200	0.013953355
35	GGGGTGGGACCGCG	14	200	0.013953355
35	GAGGACTTT	9	200	0.013953355
35	ACCCCTCC	8	200	0.013953355
35	GTCGGCCC	8	200	0.013953355
36	CCCGGGCT	8	200	0.013953355
35	CTAAGGT	7	200	0.013953355
35	GCCCTAG	7	200	0.013953355
35	GCCTGCC	7	200	0.013953355
35	GGCGCCT	7	200	0.013953355
35	AGGGAC	6	200	0.013953355
