35	CC	2	46822	2.706807254
35	CT	2	22027	1.273393776
35	GT	2	15713	0.908377737
35	GC	2	11287	0.652508083
35	GG	2	10888	0.62944166
36	TT	2	8338	0.482024665
35	GCC	3	8199	0.473988994
36	CT	2	7795	0.450633517
36	T	1	6496	0.375537566
35	G	1	5094	0.294487125
35	C	1	4846	0.280150099
35	GGGCC	5	4421	0.2555806
35	GGGGCC	6	3962	0.229045541
35	CG	2	3788	0.218986499
35	GA	2	3420	0.197712204
35	CCC	3	3375	0.195110728
35	GGGGGCC	7	3247	0.187710973
35	AC	2	2946	0.170309986
35	GGCCCC	6	2856	0.165107033
35	GGGCCC	6	2500	0.144526465
35	AACGACCC	8	2463	0.142387473
35	CCCTGTCCGGCTT	13	2400	0.138745406
35	ACCTTACCGGGCCT	14	2357	0.136259551
35	CCCTGTCC	8	2309	0.133484643
35	GGGCCCC	7	2171	0.125506782
35	GCTCTCGACC	10	2169	0.125391161
36	CCT	3	2076	0.120014776
36	CCTGACCCTT	10	2048	0.11839608
35	GCCTCAGGCC	10	1964	0.113539991
35	CCTTTGGAT	9	1898	0.109724492
35	GGC	3	1878	0.10856828
35	GGCCCCGGTAGGGGT	15	1803	0.104232486
35	GCCCCC	6	1789	0.103423138
35	ACCCCGCT	8	1784	0.103134085
35	GGCCCCCG	8	1781	0.102960654
35	GTCTGATCCC	10	1746	0.100937283
35	ACCGGGCC	8	1733	0.100185745
35	CCAGCCGGGC	10	1704	0.098509238
35	GAGGCC	6	1661	0.096023383
35	GAAAGGAACC	10	1626	0.094000013
35	GACCCC	6	1604	0.09272818
35	GGTTCCCCCC	10	1569	0.090704809
35	GGGCCT	6	1553	0.08977984
35	GCCCCCCC	8	1535	0.088739249
35	GAAGGCC	7	1511	0.087351795
35	GGGCCTTC	8	1483	0.085733099
36	TCCGGGGCCTT	11	1471	0.085039372
35	AT	2	1462	0.084519077
35	GTCTAACC	8	1450	0.08382535
35	AAGGGTCT	8	1447	0.083651918
35	CTTGTCCC	8	1430	0.082669138
35	GCTAGGGC	8	1416	0.08185979
35	AG	2	1397	0.080761389
35	CCCCC	5	1365	0.07891145
35	CA	2	1364	0.078853639
35	AGGCC	5	1362	0.078738018
35	AAACACCGAGAC	12	1354	0.078275533
36	CTCCCCCT	8	1344	0.077697427
35	GGCCCCCC	8	1340	0.077466185
35	A	1	1322	0.076425595
35	AGAC	4	1297	0.07498033
35	AGGCCCCC	8	1293	0.074749088
35	GTGGGCCT	8	1289	0.074517845
35	GGCCC	5	1279	0.073939739
35	GAGCCTCGTGAGCTC	15	1275	0.073708497
35	AGGGCCC	7	1267	0.073246012
35	GGCC	4	1266	0.073188202
35	GGGGAAGTCT	10	1261	0.072899149
36	CCCGGGCT	8	1261	0.072899149
35	GCCTCCCT	8	1251	0.072321043
36	CCTCAAGGCCTT	12	1247	0.072089801
35	GGGCTTTGGGT	11	1238	0.071569505
35	GGGCCCCC	8	1236	0.071453884
35	GCGTTCCC	8	1234	0.071338263
36	CCGCCCTT	8	1197	0.069199271
35	GCCC	4	1170	0.067638386
35	GCCCGGC	7	1148	0.066366553
35	CTTGGGCC	8	1136	0.065672826
36	CTTCCT	6	1127	0.06515253
35	GGCCCCC	7	1125	0.065036909
35	GACCGAGCC	9	1097	0.063418213
35	GCCTAGGC	8	1089	0.062955728
35	GGTGCCC	7	1089	0.062955728
35	GGGGTCCC	8	1086	0.062782296
35	AGGGCTC	7	1078	0.062319812
35	GGGCCCT	7	1069	0.061799516
35	GGTTCCCT	8	1063	0.061452653
35	GCCCAGGC	8	1057	0.061105789
35	GAC	3	1041	0.06018082
35	GCCCC	5	1040	0.060123009
35	GACTCGGCCTTT	12	1037	0.059949578
35	AGGACCGCC	9	1035	0.059833956
35	GTCGGGC	7	1027	0.059371472
35	GTTCCCCT	8	1009	0.058330881
35	AACTGTTTT	9	1006	0.058157449
35	GGCGGCC	7	998	0.057694965
35	GGGGGGT	7	998	0.057694965
35	GGG	3	991	0.057290291
35	GGTTGGCC	8	982	0.056769995
35	CCCCCCC	7	979	0.056596564
36	AACCCGT	7	975	0.056365321
35	GACACCCC	8	973	0.0562497
35	AGGTAGGGG	9	971	0.056134079
35	AGGTGGTTTC	10	967	0.055902837
35	GCCCCCC	7	961	0.055555973
35	ACCCCC	6	958	0.055382541
35	GGCTCGCCT	9	957	0.055324731
35	CCCCCC	6	955	0.05520911
35	ATTTCCCC	8	951	0.054977867
35	AGGGCCCC	8	949	0.054862246
35	AGGGAGAC	8	945	0.054631004
35	CTGCCCGGGC	10	944	0.054573193
36	ACCCCGGCCT	10	944	0.054573193
35	GACCGGGC	8	941	0.054399761
35	GGGGCCCC	8	932	0.053879466
35	GGGTCC	6	929	0.053706034
36	TACCCCCT	8	927	0.053590413
35	GGGGCCC	7	923	0.053359171
35	GGGGGC	6	914	0.052838876
35	AGGGCC	6	909	0.052549823
35	AGCCCTCT	8	907	0.052434201
35	CCCGCCCC	8	907	0.052434201
35	GGGTTCCC	8	904	0.05226077
35	GTCCCC	6	903	0.052202959
35	GCCGCCC	7	900	0.052029527
35	AGGCCCC	7	898	0.051913906
35	CTGCTTC	7	892	0.051567043
35	GGGGGGTC	8	881	0.050931126
35	GGTCGGC	7	878	0.050757694
35	GGCCCT	6	864	0.049948346
35	AGGTGGT	7	862	0.049832725
35	GGACCCCCCTCT	12	857	0.049543672
35	GGGCCCTC	8	856	0.049485862
35	AGACCCC	7	855	0.049428051
35	CGGGAGCC	8	853	0.04931243
35	GGCCCCTGGGC	11	852	0.049254619
35	AGCAGGCC	8	852	0.049254619
35	AGCCTT	6	848	0.049023377
35	GCCGAACT	8	847	0.048965566
35	GGCTCCCC	8	843	0.048734324
35	GGCGTAAGGCCC	12	835	0.048271839
35	GGACCCC	7	835	0.048271839
35	GGACCCCC	8	829	0.047924976
35	CCTTCCTTAGGGA	13	824	0.047635923
35	CTTTCAGGGC	10	812	0.046942196
35	AGGCCC	6	804	0.046479711
35	AGGGGGC	7	800	0.046248469
35	GGCCCAGC	8	797	0.046075037
35	GCT	3	795	0.045959416
36	TGGGCCT	7	782	0.045207878
35	GGCCCCGGGCCC	12	780	0.045092257
35	GGTCTCCC	8	773	0.044687583
35	GGCCGGCC	8	770	0.044514151
35	CCCC	4	769	0.044456341
35	GCCCGGTC	8	759	0.043878235
35	AGGAGGAC	8	758	0.043820424
35	GGCCACCC	8	752	0.043473561
35	GGGGGGC	7	749	0.043300129
35	GAACCCGTCT	10	745	0.043068887
35	AGGCCCT	7	739	0.042722023
35	GGCCGGGGCTCAGGT	15	736	0.042548591
35	GGGGC	5	734	0.04243297
35	AGGGCCT	7	724	0.041854864
35	GGACGCTC	8	719	0.041565811
35	CGGCCTT	7	719	0.041565811
36	CCCCT	5	717	0.04145019
35	ACC	3	717	0.04145019
35	GGGGATTC	8	715	0.041334569
35	GCCCCCCT	8	714	0.041276758
35	GGCCGCT	7	706	0.040814274
35	GGGGGA	6	705	0.040756463
35	GCCCGCC	7	701	0.040525221
35	GTTCACCT	8	699	0.0404096
35	CCCCCGG	7	695	0.040178357
35	AGGGGCC	7	693	0.040062736
35	GGCCGC	6	689	0.039831494
36	CGCCCTT	7	686	0.039658062
35	AGAGGTCC	8	681	0.039369009
36	AGTGGCCT	8	681	0.039369009
35	AGGTTGGCC	9	677	0.039137767
35	ACCGGTCCAGGCC	13	676	0.039079956
35	GGCCGCC	7	676	0.039079956
36	CCCCCCCT	8	675	0.039022146
35	GCCGGAT	7	672	0.038848714
35	CCT	3	671	0.038790903
35	AGGGGCCC	8	669	0.038675282
35	AGGGGGT	7	669	0.038675282
34	CACCGGGG	8	668	0.038617471
35	GGCTCC	6	662	0.038270608
36	TCTTCCCT	8	661	0.038212797
35	GGGCTCAGTCT	11	660	0.038154987
35	GTTGGCCCAC	10	658	0.038039366
35	GCTGTCCT	8	656	0.037923744
35	GGGGCCT	7	656	0.037923744
35	GACCC	5	655	0.037865934
35	CCGGGTTTTC	10	648	0.03746126
35	GGCCCGCC	8	646	0.037345639
35	AGGGGAA	7	645	0.037287828
35	AAACACTGAGAC	12	641	0.037056586
36	TTTGGGCT	8	639	0.036940964
35	ATCTTT	6	638	0.036883154
36	TAGACTCAGTCT	12	633	0.036594101
35	CCCTTCCT	8	632	0.03653629
35	GGCCT	5	632	0.03653629
35	GCCCCT	6	631	0.03647848
35	GGGAACCCC	9	628	0.036305048
36	CCCT	4	626	0.036189427
35	GGTAGCCC	8	621	0.035900374
35	GACCGGTAGG	10	616	0.035611321
35	GTAGGCTG	8	615	0.03555351
35	GTC	3	613	0.035437889
35	CTCAATCCACCCTTC	15	603	0.034859783
35	GGTCCCC	7	603	0.034859783
35	AACGGGGTAGGG	12	600	0.034686352
35	GAGGC	5	600	0.034686352
35	ATTCCCCG	8	598	0.03457073
35	CCGACCCT	8	598	0.03457073
35	GTCC	4	598	0.03457073
35	AGC	3	596	0.034455109
35	GGGATGCC	8	595	0.034397299
35	GGATTTCC	8	593	0.034281677
35	AGGGACC	7	591	0.034166056
35	GCCGGGGGGCTCT	13	590	0.034108246
35	AGGCCCCT	8	587	0.033934814
35	CCCGGCCC	8	587	0.033934814
35	CGGGGTAA	8	587	0.033934814
35	CCCCCCTT	8	584	0.033761382
35	GCCCGGCT	8	584	0.033761382
35	CCCCCT	6	575	0.033241087
35	CCGCGGGC	8	573	0.033125466
35	GCCCGGGC	8	572	0.033067655
35	AAGGGTC	7	570	0.032952034
36	CAGATCG	7	568	0.032836413
35	GGGCTAGGC	9	565	0.032662981
35	GCCTCGGGGC	10	564	0.03260517
35	GGGACCGTCC	10	564	0.03260517
36	TCGTGACAAT	10	564	0.03260517
35	GGCCCCT	7	562	0.032489549
35	GGGGACC	7	561	0.032431739
35	GCTCGGGC	8	560	0.032373928
35	GGCCGGC	7	560	0.032373928
35	GCCCTCCC	8	559	0.032316118
35	GGGC	4	547	0.031622391
35	ATCTTCCT	8	545	0.031506769
35	GGGGGCCC	8	545	0.031506769
35	GGCTGC	6	544	0.031448959
35	GGGGTT	6	544	0.031448959
35	CCCCGCCC	8	543	0.031391148
35	CCCGGACC	8	540	0.031217716
35	AGGAAACC	8	538	0.031102095
35	CCCCTAGT	8	538	0.031102095
35	GTTCCCC	7	532	0.030755232
35	GGACCCT	7	531	0.030697421
35	GCCCGCCC	8	527	0.030466179
35	GAGGGCC	7	527	0.030466179
35	GGGGACCC	8	525	0.030350558
36	TAGAGACT	8	525	0.030350558
35	GTCCCCCT	8	520	0.030061505
35	GGCCCCGGGC	10	518	0.029945884
35	AGGGCGCCTCCCC	13	513	0.029656831
36	TTCCCCT	7	513	0.029656831
35	GCCCCCCG	8	512	0.02959902
35	GGGGGGGCC	9	511	0.029541209
35	GGCTCCC	7	511	0.029541209
35	GGGGTG	6	508	0.029367778
35	GGAGGCTGCTTT	12	507	0.029309967
35	GGGGGCGC	8	507	0.029309967
35	CCTCAAGCTCTCC	13	506	0.029252156
35	GCCCGGCC	8	503	0.029078725
35	CCGGTTTC	8	501	0.028963104
35	GCCCCCGCCC	10	497	0.028731861
35	GGTCCCCC	8	497	0.028731861
35	GGCCCCCT	8	493	0.028500619
35	AA	2	493	0.028500619
35	GGCCTCTGGGC	11	490	0.028327187
35	GCGAGGTT	8	490	0.028327187
35	GTAGGGGG	8	489	0.028269377
35	GACCGCT	7	489	0.028269377
35	GCTCTAAC	8	487	0.028153755
35	GGCCCCCCC	9	485	0.028038134
35	CCCCTGG	7	485	0.028038134
35	AGGCCTCGGG	10	483	0.027922513
35	GGTACAGGGCC	11	482	0.027864702
35	AGCCCCC	7	481	0.027806892
35	ACCCGCCGCTCGA	13	479	0.027691271
35	GGGGGT	6	479	0.027691271
35	AGGTGGTT	8	478	0.02763346
35	AAGGGCCAGGGCCC	14	477	0.027575649
35	AGGCCGGCCA	10	477	0.027575649
35	GCCTTCCC	8	477	0.027575649
35	GGGTCCCC	8	476	0.027517839
35	AGTTTAAA	8	475	0.027460028
35	AGGTCCCC	8	473	0.027344407
35	GGGCGCC	7	473	0.027344407
35	CTGCCCT	7	471	0.027228786
35	GGTCCC	6	471	0.027228786
35	CTCAGGTTTACC	12	469	0.027113165
35	GGCTCGGGAT	10	468	0.027055354
35	GCCTGCTGGGAGGGT	15	461	0.02665068
35	GCCCAGGG	8	461	0.02665068
35	GTCGTGCCC	9	460	0.02659287
35	ACCCCCCA	8	459	0.026535059
35	GGAGCC	6	459	0.026535059
35	AGAGGAC	7	454	0.026246006
35	GGTCCCT	7	452	0.026130385
36	ACCCCCCCGTT	11	451	0.026072574
36	TTT	3	450	0.026014764
36	CCGGGCCT	8	448	0.025899142
35	GGCCTCCC	8	445	0.025725711
35	CCCCGGCC	8	443	0.02561009
35	GTCAAGCC	8	443	0.02561009
36	TCAGGGTT	8	443	0.02561009
36	CTCGGGAT	8	442	0.025552279
35	AGGCGGGCCA	10	441	0.025494468
35	GGCCTACCTT	10	441	0.025494468
35	CCCCCCCC	8	441	0.025494468
35	CCCGGGCC	8	441	0.025494468
35	GTTCCCCC	8	441	0.025494468
35	GGGGCCCT	8	438	0.025321037
36	TAGACT	6	438	0.025321037
36	CGAGGGGTCT	10	437	0.025263226
35	AGCCCCCC	8	437	0.025263226
35	GGAGGCC	7	437	0.025263226
35	ACCCGCCC	8	436	0.025205415
35	AGGGTCCC	8	431	0.024916363
35	GGCTAACT	8	429	0.024800741
35	CCGGCCC	7	429	0.024800741
35	CTCTCCC	7	429	0.024800741
35	AGTAAATTTCCTC	13	427	0.02468512
35	CCCGCTTGGACCC	13	426	0.02462731
35	GGCGTTAGAG	10	426	0.02462731
35	GCCCTGGT	8	426	0.02462731
36	CCCCCT	6	426	0.02462731
36	TAGAGCTCTAACT	13	425	0.024569499
35	CGAGGGC	7	425	0.024569499
36	CGCCCCT	7	425	0.024569499
35	AGGGGGCC	8	424	0.024511688
35	GGGGTCC	7	423	0.024453878
35	AGGCCT	6	422	0.024396067
35	AGGCACCC	8	419	0.024222636
35	GACCCCCT	8	419	0.024222636
35	CCCT	4	419	0.024222636
35	GAAGGGC	7	417	0.024107014
35	CCCGGGC	7	416	0.024049204
36	TCCCCTTCGGCT	12	413	0.023875772
35	ACCCCCCC	8	411	0.023760151
36	CGTCCCCT	8	410	0.02370234
35	CTCTAAC	7	410	0.02370234
35	GGCCCTGG	8	409	0.02364453
35	CCTGGTCTCGGC	12	408	0.023586719
35	CCCGACGCCCT	11	408	0.023586719
35	AGTTCCCC	8	408	0.023586719
35	AGGGGT	6	408	0.023586719
35	GTCCCT	6	408	0.023586719
35	AGGGTCGGCCCT	12	406	0.023471098
35	ATTCTCGG	8	406	0.023471098
35	GGT	3	406	0.023471098
35	GGCTGCGGC	9	404	0.023355477
35	AGACCCT	7	404	0.023355477
35	CTTTTT	6	404	0.023355477
35	GAACCTGT	8	402	0.023239856
35	GGGCCCCT	8	402	0.023239856
35	GGGGGTC	7	402	0.023239856
35	CTT	3	401	0.023182045
35	GGCTCCCGTC	10	398	0.023008613
35	GAGGACGCCCGGCCT	15	397	0.022950803
35	GCCCGATT	8	396	0.022892992
35	AGGCCTT	7	396	0.022892992
35	GTAGGCC	7	396	0.022892992
35	ACCCGGGGTCC	11	395	0.022835181
36	CACGGGACTT	10	394	0.022777371
35	GACCCT	6	393	0.02271956
35	ATCTTCCGCC	10	391	0.022603939
35	CCTGCCC	7	391	0.022603939
36	TTTCCCCT	8	389	0.022488318
35	GGCT	4	389	0.022488318
35	GCCCGGGA	8	387	0.022372697
35	GGCCCTC	7	387	0.022372697
35	AGCCCC	6	387	0.022372697
36	CGGCCT	6	387	0.022372697
35	GTCCC	5	387	0.022372697
35	AGGTGGACTC	10	386	0.022314886
35	ACTTTCCC	8	385	0.022257076
35	CCTCCCC	7	385	0.022257076
35	GCCCTAGCCCCCT	13	384	0.022199265
35	GCTCAGTCTAAC	12	383	0.022141454
35	GAGGACGCCCG	11	383	0.022141454
35	GTCTCGGCCT	10	381	0.022025833
35	GCCGGGGC	8	381	0.022025833
35	ACCTCAGC	8	380	0.021968023
35	ACCGGGGGCCCC	12	379	0.021910212
35	GCGGGCC	7	376	0.02173678
36	CCTTCCT	7	374	0.021621159
35	CTCAATCCACCCT	13	373	0.021563349
35	GGGGGG	6	373	0.021563349
35	GCCCGTCC	8	372	0.021505538
35	AGGGGGGC	8	371	0.021447727
36	CCGGGGGT	8	369	0.021332106
35	GGGGCGGC	8	368	0.021274296
35	GGACCC	6	367	0.021216485
35	AGCCTGCT	8	366	0.021158674
35	CCCGCCTC	8	366	0.021158674
35	AAGGGCC	7	366	0.021158674
35	GGTGACAA	8	365	0.021100864
35	AACTGTTTTAGGAC	14	364	0.021043053
35	CCTTACGC	8	364	0.021043053
35	GGGCCTT	7	364	0.021043053
36	TCCCCTT	7	362	0.020927432
35	ATGGCAGCCTCCA	13	361	0.020869622
36	TCTGAACTTT	10	361	0.020869622
35	GGTTCCTT	8	361	0.020869622
35	GGGTTTCGGC	10	359	0.020754
35	CCCTGGGC	8	359	0.020754
35	GCCCTGGG	8	358	0.02069619
35	AGCCCGGTCC	10	356	0.020580569
35	GGGGAC	6	355	0.020522758
35	GCTAGGT	7	354	0.020464947
35	CTCCCC	6	354	0.020464947
35	GCCTCT	6	353	0.020407137
35	GTCCTC	6	352	0.020349326
36	CTT	3	352	0.020349326
36	CCCCTCGGCTTTT	13	351	0.020291516
35	GGGCGCCT	8	350	0.020233705
35	CCCCCCT	7	348	0.020118084
35	AAGACCTGGCCC	12	347	0.020060273
35	GCCACTCGCCT	11	346	0.020002463
35	AGGGCGG	7	346	0.020002463
35	GCCCGCCT	8	345	0.019944652
36	CGGGCCAT	8	345	0.019944652
35	GGCTCCCT	8	343	0.019829031
35	AGGGGC	6	343	0.019829031
35	AGGGGTCT	8	341	0.01971341
35	GCCCCCTGCCC	11	339	0.019597789
35	GGGGCAAGTC	10	339	0.019597789
35	GAACGCT	7	339	0.019597789
36	CCCTCCCT	8	337	0.019482167
36	TCCCCCT	7	335	0.019366546
35	ACCCCCCT	8	334	0.019308736
35	AGGGATCT	8	334	0.019308736
35	ACCCC	5	334	0.019308736
35	GGTCCCCT	8	333	0.019250925
35	ACCACCCC	8	331	0.019135304
35	AGTCTACC	8	331	0.019135304
35	CTGGACT	7	331	0.019135304
35	AGACAGCCC	9	330	0.019077493
35	GATGAGGA	8	330	0.019077493
35	GCCTTGTT	8	330	0.019077493
35	AACCCCC	7	330	0.019077493
36	CTTCCCT	7	330	0.019077493
35	GGCCCTAACCCCT	13	329	0.019019683
35	GCCTCCCC	8	329	0.019019683
35	GGCCTGCCT	9	328	0.018961872
35	CCCTGCCC	8	328	0.018961872
35	CTGGCC	6	328	0.018961872
35	GGGCCGAC	8	327	0.018904062
35	GACCCCC	7	327	0.018904062
35	GGGGGAC	7	327	0.018904062
35	AGAGGGGC	8	326	0.018846251
35	ATGGGCCA	8	325	0.01878844
35	GGCTCCGGA	9	324	0.01873063
35	ACGATTCCGGT	11	323	0.018672819
35	GACCCCCC	8	323	0.018672819
35	GAGGGACC	8	323	0.018672819
35	GGCGCCT	7	322	0.018615009
35	GTCTCCCT	8	321	0.018557198
37	TG	2	320	0.018499387
35	CAAACGCC	8	319	0.018441577
35	GGTTCTTT	8	319	0.018441577
35	GACCGCC	7	319	0.018441577
35	AGGAGGGC	8	318	0.018383766
35	AGGTGCCC	8	318	0.018383766
35	GGCCTCC	7	318	0.018383766
36	CCTTTT	6	318	0.018383766
35	GGAACTGAGCAC	12	317	0.018325956
35	GGGGCCTT	8	316	0.018268145
35	CCCTCCCC	8	315	0.018210335
35	GACTCCCC	8	315	0.018210335
35	AGCTCCCC	8	314	0.018152524
35	GTCCGGGATCCCC	13	313	0.018094713
35	GGGAACCCCT	10	312	0.018036903
35	ATTCGCTC	8	312	0.018036903
35	GGTCC	5	312	0.018036903
35	CCGTGCCCCA	10	311	0.017979092
35	GCCCCCTC	8	311	0.017979092
35	GGAGGGGA	8	311	0.017979092
36	CTTGGACT	8	311	0.017979092
36	CGGCCCT	7	311	0.017979092
33	GGCCGCGTAGC	11	310	0.017921282
35	GTTAGAGC	8	310	0.017921282
35	GCGGGCCC	8	309	0.017863471
35	CCAGGCC	7	309	0.017863471
35	GCCGGGC	7	309	0.017863471
35	AGGCCGTTCGTCCC	14	308	0.01780566
35	GCCTGCCT	8	308	0.01780566
35	AGTCGTGA	8	307	0.01774785
35	ACTTGGCT	8	306	0.017690039
35	AGGCGCC	7	306	0.017690039
35	GGCCTGCT	8	305	0.017632229
35	AGGATGC	7	305	0.017632229
36	CCCCCCT	7	305	0.017632229
35	CCCCTCCC	8	304	0.017574418
35	GGGCGGCC	8	304	0.017574418
35	GGCGCC	6	304	0.017574418
35	GCCCT	5	304	0.017574418
35	CCGCCCCC	8	303	0.017516608
35	CCCCGCC	7	303	0.017516608
35	AGGAAC	6	302	0.017458797
35	GGGCGGGC	8	301	0.017400986
35	GTTCGGGGC	9	300	0.017343176
35	CCCTCGGC	8	300	0.017343176
36	CTCCCCT	7	300	0.017343176
35	GCCCCCT	7	299	0.017285365
36	TCT	3	299	0.017285365
35	GTGGCC	6	298	0.017227555
35	GGGGGATC	8	297	0.017169744
36	CCCGACAT	8	296	0.017111933
35	CCCCT	5	296	0.017111933
35	AGAAAGGCC	9	295	0.017054123
35	GCCTCAGG	8	295	0.017054123
35	GTGACCCA	8	295	0.017054123
35	GCGCGCC	7	295	0.017054123
35	GGGGTC	6	295	0.017054123
35	GGGAAGGC	8	294	0.016996312
35	ACCC	4	294	0.016996312
36	CTTCCCGGCTT	11	293	0.016938502
35	ACCCTCCC	8	293	0.016938502
36	TAGAGTTT	8	292	0.016880691
35	AGGGTCC	7	292	0.016880691
35	GGAAACACCGAGAC	14	291	0.016822881
35	CCCCCGCC	8	291	0.016822881
35	GTTTAGAC	8	291	0.016822881
35	GGGAC	5	291	0.016822881
35	GCCAAGCC	8	290	0.01676507
35	GCTCGCC	7	289	0.016707259
35	GGCTC	5	289	0.016707259
35	ACCGGACC	8	288	0.016649449
35	GGGGTGGC	8	288	0.016649449
35	GACTTACC	8	286	0.016533828
35	GGGCGCCC	8	286	0.016533828
36	CCCCCCTT	8	286	0.016533828
35	GACTCTTT	8	285	0.016476017
35	GTTTTCCC	8	285	0.016476017
35	GTGGGCC	7	285	0.016476017
35	GGGGAAC	7	284	0.016418206
36	CACTTGACTT	10	283	0.016360396
35	ACCTGACC	8	283	0.016360396
35	GGGGGCCT	8	282	0.016302585
35	AAGGGGC	7	282	0.016302585
35	CCCTC	5	282	0.016302585
35	AGGGTGT	7	281	0.016244775
35	GAGCCC	6	281	0.016244775
35	GCCCTT	6	281	0.016244775
35	GTCCCCCC	8	280	0.016186964
36	TAGAGCT	7	280	0.016186964
36	AT	2	280	0.016186964
35	ACTGAGAC	8	279	0.016129153
35	GGGCCGCC	8	279	0.016129153
35	GGGGGGCC	8	279	0.016129153
35	GGAGACCC	8	278	0.016071343
35	GGCCGCCC	8	278	0.016071343
35	GCTTGCT	7	278	0.016071343
36	CTAACT	6	278	0.016071343
35	GATTTTGTTCCCC	13	276	0.015955722
35	GCGGGGCC	8	276	0.015955722
35	AGAGGCC	7	276	0.015955722
35	ACCTTT	6	276	0.015955722
35	AGCTCTAACC	10	275	0.015897911
35	GGAGCCCT	8	275	0.015897911
36	CCTGCCCT	8	275	0.015897911
35	AGGCCGCAGGC	11	274	0.015840101
36	ACCCCCCCGT	10	274	0.015840101
35	ACGGCCT	7	274	0.015840101
35	GCCTCCC	7	274	0.015840101
35	GGCCCTTCGCCC	12	273	0.01578229
35	ACTGAGGCC	9	273	0.01578229
35	ATCCCGCT	8	273	0.01578229
35	GTCGGGCC	8	273	0.01578229
35	GGGGCT	6	273	0.01578229
35	GCCT	4	273	0.01578229
35	AGGGGTC	7	271	0.015666669
35	CTCGGGC	7	271	0.015666669
35	GCCGGATT	8	270	0.015608858
35	CTGCCCC	7	270	0.015608858
35	GGGGGGA	7	270	0.015608858
35	CTCTAGC	7	269	0.015551048
35	GTGAGAC	7	269	0.015551048
35	GGGCGGCCCCGC	12	267	0.015435426
35	AGTTGCCT	8	267	0.015435426
35	CCGGCTC	7	267	0.015435426
35	GCACCCC	7	267	0.015435426
35	CCCCAGGGAA	10	266	0.015377616
35	CTGGCCCG	8	266	0.015377616
35	GCCCAGCC	8	266	0.015377616
35	GGGAGCC	7	266	0.015377616
35	GTGTAACACCCA	12	265	0.015319805
36	TGTCCTT	7	265	0.015319805
35	GGCCCCTC	8	264	0.015261995
35	CTTGCCC	7	264	0.015261995
35	ACCGGC	6	264	0.015261995
36	CCCGGGACCTT	11	263	0.015204184
35	GCGGGGGCCC	10	262	0.015146374
35	GCCTCCCG	8	262	0.015146374
35	GGCCCGGG	8	262	0.015146374
35	AGGAAGGA	8	261	0.015088563
35	CCCCGCT	7	261	0.015088563
35	ACCCGCCT	8	260	0.015030752
36	CCCACCGTCCCT	12	259	0.014972942
35	GCTTCCCC	8	259	0.014972942
35	GAGTAGAG	8	258	0.014915131
35	GTTCCTCC	8	258	0.014915131
35	GGGGAGGG	8	257	0.014857321
35	GCCGGATCCC	10	256	0.01479951
35	CGGCCGCG	8	256	0.01479951
36	CGGGCCT	7	256	0.01479951
35	GAGGGC	6	256	0.01479951
35	GCTCCC	6	256	0.01479951
36	TCAAACACCGAGACT	15	255	0.014741699
35	CCCCGGCT	8	255	0.014741699
35	GGGCCACC	8	255	0.014741699
36	TCCGGCT	7	255	0.014741699
35	AGGACCCC	8	254	0.014683889
35	GCGCCC	6	254	0.014683889
35	GGCCTC	6	254	0.014683889
35	GGACGGGC	8	253	0.014626078
35	AGCCCCT	7	253	0.014626078
35	GGGACCC	7	253	0.014626078
35	GTCCCCC	7	253	0.014626078
35	AAC	3	253	0.014626078
35	GTCCGGTT	8	252	0.014568268
35	AGGAGCC	7	252	0.014568268
35	GCCTTTAC	8	251	0.014510457
35	AGCCCTCC	8	250	0.014452646
35	GCTCCCTT	8	250	0.014452646
35	GTCGGTCC	8	250	0.014452646
35	AAAGCCA	7	250	0.014452646
35	GCTTGGT	7	250	0.014452646
35	CCGGGCC	7	249	0.014394836
35	AGGGC	5	249	0.014394836
35	GTAACCCT	8	248	0.014337025
35	GGGT	4	248	0.014337025
35	AGGCCCTC	8	247	0.014279215
35	CCCTGGGT	8	247	0.014279215
35	CCCTAAC	7	247	0.014279215
35	AGGACCCT	8	246	0.014221404
35	CCGAGGAT	8	246	0.014221404
36	TGCCCT	6	246	0.014221404
35	AGAGAAC	7	245	0.014163594
35	AGACCC	6	245	0.014163594
35	CCCCCCGC	8	244	0.014105783
35	GGGCCTCT	8	244	0.014105783
35	AGGGGAC	7	244	0.014105783
35	GGGTAC	6	244	0.014105783
36	CCCCTT	6	244	0.014105783
36	TCGGCT	6	244	0.014105783
35	GTCCAGAGCT	10	243	0.014047972
35	ACCTTCCT	8	243	0.014047972
35	GGTTAGAC	8	243	0.014047972
36	CCGATCCT	8	243	0.014047972
35	GGTTCCC	7	243	0.014047972
35	CCCTGGTT	8	242	0.013990162
35	GGCGGGC	7	242	0.013990162
36	TCCCCT	6	242	0.013990162
35	CTC	3	242	0.013990162
35	GGCCTT	6	241	0.013932351
