35	CC	2	47329	3.234888044
35	CT	2	22093	1.510033628
35	GT	2	13092	0.894824617
35	GC	2	9793	0.669341389
36	TT	2	7154	0.488968477
35	GG	2	7060	0.482543675
36	CT	2	6077	0.415356645
35	GCC	3	5638	0.38535145
35	GGGGCC	6	5042	0.344615469
36	T	1	4852	0.331629166
35	GA	2	4364	0.298274872
35	G	1	3652	0.249610411
35	C	1	3553	0.242843864
35	ATGTTTTTTC	10	3110	0.212565273
35	CCTCGGAT	8	2717	0.185704131
35	AGGGCC	6	2649	0.181056402
35	GCTTAACG	8	2537	0.173401318
35	AC	2	2514	0.171829292
35	GGGCC	5	2489	0.170120568
35	GTCCGTCC	8	2376	0.162397135
35	GGGTCC	6	2367	0.161781994
35	GGGCCC	6	2326	0.158979687
35	GCCCCCCC	8	2246	0.15351177
36	TGGCTTT	7	2210	0.151051207
35	GGCCCC	6	2098	0.143396123
35	CCC	3	2076	0.141892446
35	AT	2	2064	0.141072259
35	GGCGTGGCTT	10	2050	0.140115373
36	CTCGGGGGCT	10	1970	0.134647456
35	ACCTTACC	8	1941	0.132665336
35	GGGGTCGGCC	10	1913	0.130751565
35	AGACCCCC	8	1890	0.129179539
35	GGGGGCC	7	1868	0.127675862
35	AGGCCCC	7	1846	0.126172185
35	ACCGGCCTCTAGG	13	1834	0.125351997
35	GGTCCCT	7	1752	0.119747382
35	AGGCCCGGT	9	1750	0.119610684
35	GGGGCCC	7	1744	0.119200591
35	GGGGCCCC	8	1686	0.115236351
35	AGGCCCTC	8	1671	0.114211116
35	GGGGGC	6	1658	0.11332258
35	CG	2	1651	0.112844137
35	GCTCCCCC	8	1622	0.110862017
35	CCTTGCCC	8	1619	0.11065697
35	AGGAACCC	8	1611	0.110110179
35	GCCTCCCTCAACCCC	15	1581	0.10805971
35	GACGGGT	7	1578	0.107854663
35	GCCCCCCT	8	1577	0.107786314
35	GGAGGACC	8	1576	0.107717965
35	GGTTCGGCCC	10	1538	0.105120704
35	GGCCCAGT	8	1509	0.103138584
35	GCCCCCCG	8	1503	0.102728491
35	ACCCGAGG	8	1502	0.102660142
35	GACCTTTGG	9	1499	0.102455095
36	CTAACCCTCTAACT	14	1476	0.100883069
35	GTCCAGGCC	9	1463	0.099994532
35	ACTAGGGA	8	1455	0.09944774
35	GGCCC	5	1452	0.099242693
35	GCCGGCAGTT	10	1450	0.099105996
35	AGGCC	5	1412	0.096508735
35	CCTTTGCC	8	1409	0.096303688
35	GCCCCC	6	1393	0.095210105
35	GCTCCCC	7	1374	0.093911474
35	AGGGGGCCCT	10	1338	0.091450912
35	CCCTGATC	8	1335	0.091245865
35	AGCCCTCT	8	1330	0.09090412
35	GCTCGGCT	8	1330	0.09090412
35	GGGCCCCC	8	1324	0.090494026
35	GGC	3	1297	0.088648604
35	GCCCGGGG	8	1289	0.088101813
35	ATTCCCAC	8	1282	0.08762337
36	TCCTGGGT	8	1275	0.087144927
35	GGAGGGCC	8	1262	0.086256391
35	AGGTTCCC	8	1257	0.085914646
35	AGCGTGG	7	1255	0.085777948
35	GGAGCCCG	8	1250	0.085436203
35	CCTCGGG	7	1239	0.084684364
35	GGTCACT	7	1229	0.084000875
35	AG	2	1229	0.084000875
35	AAGGCTAAAGGGTC	14	1210	0.082702245
35	GGCAGTAG	8	1208	0.082565547
36	TAGACTAACT	10	1183	0.080856823
35	GGGCCCC	7	1176	0.08037838
35	GTTCTCAGCCC	11	1161	0.079353145
36	CCT	3	1146	0.078327911
35	ATCAACACTC	10	1108	0.07573065
35	CCCCC	5	1104	0.075457255
35	GGCCCGGT	8	1099	0.07511551
35	GGCTTGCTC	9	1092	0.074637067
35	GAGGCC	6	1090	0.074500369
35	CCCCCGGT	8	1081	0.073885228
35	GTCCCCGGGG	10	1069	0.073065041
35	GGCCCGGTC	9	1067	0.072928343
35	AGCGTTCT	8	1063	0.072654947
35	GTCTGCCC	8	1063	0.072654947
35	AGGCCCT	7	1063	0.072654947
35	GCTTACGT	8	1052	0.071903109
35	GGTAGGCC	8	1050	0.071766411
35	CCAGAGGGTCC	11	1041	0.07115127
36	TTCGGGCTTT	10	1031	0.07046778
35	GGTCTCC	7	1023	0.069920989
35	GCCCTAGACC	10	1015	0.069374197
35	GGGTCCCC	8	1006	0.068759056
36	CCCGAGGCCT	10	999	0.068280614
35	GACTCCCC	8	995	0.068007218
35	GGCGGT	6	992	0.067802171
35	AGGGCCC	7	990	0.067665473
36	CCGCTCT	7	987	0.067460426
35	GCCCCCC	7	984	0.067255379
35	GACCCC	6	976	0.066708587
35	CCCCAAAC	8	970	0.066298494
36	CCCAAGGCTT	10	968	0.066161796
35	CCCTTCTT	8	957	0.065409957
35	AGGGGGC	7	956	0.065341608
35	GACCGGCCT	9	940	0.064248025
35	CCCGGGGGGACC	12	938	0.064111327
35	CCTTAGGC	8	932	0.063701233
35	GAC	3	914	0.062470952
35	GGCCCCCC	8	910	0.062197556
35	GGTCTAGC	8	896	0.06124067
35	GGCC	4	895	0.061172321
35	GCCCGAGC	8	891	0.060898926
35	ACATCCTGCC	10	889	0.060762228
35	GGGGC	5	888	0.060693879
35	CA	2	865	0.059121853
35	GCCTGCCC	8	860	0.058780108
35	GTGCTCAG	8	852	0.058233316
36	TGCCCCT	7	848	0.05795992
35	GGTGC	5	846	0.057823222
35	GTCCCC	6	842	0.057549826
35	GCCC	4	836	0.057139733
35	GGCCCCCT	8	834	0.057003035
35	CGTTCTTCCTCC	12	831	0.056797988
35	AGGCCC	6	830	0.056729639
35	AGAC	4	830	0.056729639
35	GGAGGCA	7	826	0.056456243
35	GGCCCCCGGCTT	12	821	0.056114498
35	GCCCCCTC	8	819	0.0559778
36	CCTAGGAAAAT	11	817	0.055841102
35	GGGCCT	6	813	0.055567706
35	GGCTGGCCCT	10	810	0.05536266
35	ATTCTGAGCTCTAAC	15	806	0.055089264
36	CCCCCCCT	8	803	0.054884217
35	ATGCCCG	7	800	0.05467917
35	ACCTCGCT	8	799	0.054610821
35	ATTCTAAC	8	794	0.054269076
35	CCCCCCC	7	792	0.054132378
35	GTCCCCC	7	791	0.054064029
35	AAGGGGGC	8	790	0.05399568
35	GGACCGAG	8	780	0.053312191
35	GTCGCC	6	770	0.052628701
35	ACTTGGCCCC	10	769	0.052560352
35	ACTGGACT	8	763	0.052150258
35	GACCTTACACCT	12	755	0.051603467
35	CCCCCT	6	750	0.051261722
35	GGGGGT	6	750	0.051261722
35	ACCCCC	6	748	0.051125024
35	CCCCCC	6	741	0.050646581
35	GGTCCCCC	8	732	0.050031441
35	GGCTCTCAGC	10	731	0.049963092
35	AGAAGGGGAT	10	730	0.049894743
35	CCTTGGCT	8	728	0.049758045
35	GGGAGGGGG	9	727	0.049689696
35	GCCCTGGA	8	727	0.049689696
35	GGGGGGC	7	724	0.049484649
35	GGTCGGAAATTGC	13	720	0.049211253
35	CCCCGGTCCC	10	720	0.049211253
35	CCCGAGC	7	720	0.049211253
35	ACCCTGTC	8	716	0.048937857
35	GGCCGGT	7	713	0.04873281
35	CCCGGCCC	8	709	0.048459414
35	GAGACCTG	8	709	0.048459414
35	GGCCCT	6	706	0.048254367
35	GTTAGT	6	702	0.047980972
36	CGCGAGGT	8	700	0.047844274
35	GGGTGGCC	8	699	0.047775925
35	GGGCCCT	7	693	0.047365831
35	GGCGGC	6	693	0.047365831
35	A	1	691	0.047229133
35	GCTGTCCT	8	690	0.047160784
35	GGGGCCT	7	689	0.047092435
35	CCAGCCTCTGG	11	685	0.046819039
35	GTTTTCCC	8	680	0.046477294
35	AGGGGCC	7	677	0.046272248
35	AAGGGTAC	8	676	0.046203899
35	AGACCCT	7	670	0.045793805
35	AGGGGGCC	8	668	0.045657107
35	GCGGCC	6	668	0.045657107
35	GGCCCCCGGC	10	666	0.045520409
35	GGTCCC	6	660	0.045110315
35	AGTCCCC	7	654	0.044700221
35	GGCCCCGGCC	10	648	0.044290128
35	GTCTTGCCC	9	647	0.044221779
35	GACCTTTGGTGG	12	646	0.04415343
36	TACTAACT	8	645	0.044085081
35	GCCCCCT	7	644	0.044016732
35	CGGGCC	6	638	0.043606638
35	GCTTTCCT	8	636	0.04346994
35	GGGGACT	7	636	0.04346994
35	GACCTTCCC	9	634	0.043333242
35	AGTTCCCC	8	633	0.043264893
35	GCCCC	5	628	0.042923148
35	CCCAGACC	8	624	0.042649753
36	TCCCCTCT	8	621	0.042444706
36	TCGGGCCCCT	10	615	0.042034612
35	GGGGGCCC	8	615	0.042034612
35	GGGC	4	615	0.042034612
35	CCTGGGGCTT	10	614	0.041966263
35	GGCCAACT	8	612	0.041829565
36	CCCCT	5	609	0.041624518
35	GCCTCCAAGGGGGCC	15	608	0.041556169
35	ACCCCCCC	8	606	0.041419471
35	GTCCCTCGGAC	11	602	0.041146075
35	CGGCCT	6	601	0.041077726
35	AGAGGGC	7	599	0.040941029
35	GTTCGGGGCC	10	594	0.040599284
35	GGGGGA	6	588	0.04018919
35	CCTTCCCG	8	583	0.039847445
35	GGGGAGCC	8	582	0.039779096
36	CCCCTT	6	582	0.039779096
35	GGCCCCC	7	581	0.039710747
35	GTCTGGCCCC	10	575	0.039300653
35	AGGGCTTTT	9	573	0.039163955
35	AGGCCCCC	8	573	0.039163955
35	CCCGAGCC	8	568	0.038822211
35	CCTACCCC	8	568	0.038822211
35	GTCTCCC	7	566	0.038685513
36	CGCCTCT	7	562	0.038412117
35	GCCTCCCTCAACTT	14	561	0.038343768
35	CCCTGCCGTGCC	12	561	0.038343768
35	ACCGTTGGGGC	11	561	0.038343768
35	CTACCCTC	8	559	0.03820707
35	CCTGGC	6	557	0.038070372
36	TCCTCGGCT	9	555	0.037933674
35	GAGGTCCC	8	548	0.037455231
35	GCTCACCC	8	548	0.037455231
35	GGCCGCC	7	546	0.037318534
35	GTCAGAGCGC	10	544	0.037181836
35	GCCACAGC	8	544	0.037181836
35	CCAGGATCTGTTTC	14	541	0.036976789
35	ACC	3	539	0.036840091
35	GGCTCCCC	8	538	0.036771742
35	GGGAGCC	7	536	0.036635044
35	CCCC	4	535	0.036566695
35	GCCTTCCC	8	534	0.036498346
35	GGCCCACT	8	532	0.036361648
35	GCCTGGGC	8	529	0.036156601
35	GGCTCC	6	529	0.036156601
35	AAGCCTCC	8	528	0.036088252
35	AGCCCCCC	8	528	0.036088252
35	GACCGCGC	8	526	0.035951554
35	GGGGGGCC	8	526	0.035951554
35	AAGGCTCTCGGGCCC	15	525	0.035883205
35	AGGGCGGGG	9	525	0.035883205
36	CCCT	4	525	0.035883205
35	GGGCCCCG	8	524	0.035814856
36	CCCCGGAT	8	522	0.035678158
35	GTTCTCTGGCC	11	521	0.035609809
35	GCCTCTGT	8	513	0.035063018
35	AGGACTCC	8	511	0.03492632
36	CCACCCCTCT	10	509	0.034789622
35	GGCCCCT	7	509	0.034789622
35	GTGGGGGCCAAC	12	508	0.034721273
35	GGGTCCCT	8	508	0.034721273
35	AGCCCCC	7	507	0.034652924
36	TTTCCTT	7	506	0.034584575
35	AGACTACC	8	505	0.034516226
35	GCCCCTCGGATCT	13	501	0.03424283
35	GGTCCCC	7	500	0.034174481
35	GAGCCGGCCTCC	12	497	0.033969434
35	ATTCCCTC	8	496	0.033901085
35	GCCTCCTC	8	495	0.033832736
35	GGCTTGCCC	9	491	0.033559341
35	ACGGGT	6	489	0.033422643
35	GCTCGGGG	8	487	0.033285945
36	CTT	3	486	0.033217596
35	GGCCGCGGTC	10	485	0.033149247
35	GGCCT	5	484	0.033080898
35	GCCCCT	6	481	0.032875851
35	AGGGCGCC	8	477	0.032602455
35	AGGGAGTC	8	475	0.032465757
35	AGGGAC	6	473	0.032329059
35	GCGCCCCCC	9	472	0.03226071
36	CTTTTT	6	472	0.03226071
35	GGCCTTAGCT	10	464	0.031713919
36	TGGCTTGGGAT	11	461	0.031508872
35	GGAAAGC	7	460	0.031440523
35	GAAAGC	6	460	0.031440523
35	GACGAGC	7	459	0.031372174
35	AGCCCCAGTT	10	457	0.031235476
35	AGGGAAAG	8	455	0.031098778
35	GGGTCCC	7	455	0.031098778
35	AGCCCTCC	8	453	0.03096208
35	GGG	3	451	0.030825382
35	GGCCCGGA	8	446	0.030483637
35	GGTGCC	6	443	0.03027859
35	GCGCTCCC	8	442	0.030210241
35	ATCAGGC	7	442	0.030210241
35	AGGGCCT	7	441	0.030141892
35	GCCT	4	440	0.030073543
35	GAGGCCCC	8	439	0.030005195
35	GTC	3	438	0.029936846
35	GGGGAC	6	435	0.029731799
35	GAAAGACCGTGTG	13	431	0.029458403
35	AGGGCCCC	8	431	0.029458403
36	TGGCCTT	7	431	0.029458403
35	AGGCCCCTTATGACT	15	430	0.029390054
35	GTCCC	5	430	0.029390054
35	GGCCCCCGGGG	11	429	0.029321705
35	AGGGGCT	7	428	0.029253356
35	ATGCGTCT	8	426	0.029116658
35	GGGCTC	6	426	0.029116658
35	GATCCCCCCTAGGG	14	425	0.029048309
36	CCCCCCT	7	425	0.029048309
35	CCCTTAACCGGCC	13	424	0.02897996
35	GCCCCAAG	8	424	0.02897996
35	GGACCCC	7	423	0.028911611
35	GGGGACC	7	423	0.028911611
35	GGCTCGCT	8	419	0.028638215
35	GAACCCC	7	417	0.028501517
35	GTTCGGCCTC	10	413	0.028228121
35	GAAGGCCC	8	409	0.027954726
35	GGGCCCCGGCCC	12	408	0.027886377
35	CCCTTAACCGATCC	14	406	0.027749679
35	GGGCTCGACTCGGCC	15	403	0.027544632
35	CGTAGTTCTCCGGC	14	403	0.027544632
35	CTCCACCC	8	403	0.027544632
35	GGGGCTT	7	403	0.027544632
35	GGTCGCCT	8	402	0.027476283
35	GCCGGC	6	401	0.027407934
35	GAGGGCC	7	400	0.027339585
35	GGGAACCCCT	10	398	0.027202887
35	AAACACCGAGAC	12	397	0.027134538
36	TTTCCCCCCCT	11	397	0.027134538
35	AGACCCC	7	397	0.027134538
36	TTTCTT	6	397	0.027134538
35	CCCCCCCC	8	395	0.02699784
35	CCATGAA	7	394	0.026929491
36	CCCCCTT	7	394	0.026929491
35	GCCAGGCC	8	393	0.026861142
35	CGCTGGCC	8	392	0.026792793
35	AGGCCCA	7	392	0.026792793
36	CGGTCCTTCCTT	12	388	0.026519397
35	GGGGGCCT	8	388	0.026519397
35	AGCGACC	7	387	0.026451048
35	GGGGCCTT	8	386	0.0263827
35	GGATCCCC	8	384	0.026246002
35	GGGCCTT	7	383	0.026177653
35	GCTTTGTTCGGCC	13	382	0.026109304
35	GCCCAGCGTC	10	382	0.026109304
35	GGGCTGGA	8	381	0.026040955
35	GGGCTATT	8	379	0.025904257
35	GCCTCC	6	379	0.025904257
35	GACCC	5	377	0.025767559
35	GTCCACGGTTCC	12	373	0.025494163
35	AGGCGCCC	8	372	0.025425814
35	GTACGACC	8	372	0.025425814
35	CTACCCAGTCTA	12	371	0.025357465
36	AGGCCCTTCGGCCT	14	370	0.025289116
35	AGGCCTCT	8	369	0.025220767
36	CCTAAGGAT	9	368	0.025152418
35	GGGTGGCT	8	368	0.025152418
35	GCCCGGGC	8	367	0.025084069
36	CCCCCT	6	365	0.024947371
35	GGGGGTCC	8	364	0.024879022
35	GCCCTGG	7	364	0.024879022
35	AATCTTCT	8	362	0.024742324
35	GCTTGGCC	8	362	0.024742324
35	AA	2	362	0.024742324
35	GGGCTTCC	8	361	0.024673975
35	CCGCCCCC	8	360	0.024605626
35	AGGAACAGCCCG	12	359	0.024537278
35	GCCCGCCT	8	359	0.024537278
35	GCTTGGAC	8	359	0.024537278
35	GGAGACGG	8	359	0.024537278
35	GCCCGGCC	8	357	0.02440058
35	CTCTAACCTT	10	356	0.024332231
35	AGACTAGTCC	10	355	0.024263882
35	GCCCGCCC	8	355	0.024263882
35	CCGAGAC	7	355	0.024263882
36	CGAGAGGT	8	354	0.024195533
35	GTCCCCCT	8	353	0.024127184
36	CCTAACTT	8	353	0.024127184
36	CGCCCTT	7	353	0.024127184
36	TGTCCTT	7	352	0.024058835
35	ATCCCC	6	352	0.024058835
35	GAGCCTGTTTTC	12	351	0.023990486
36	TTCCTCCT	8	351	0.023990486
36	TTCCCCT	7	351	0.023990486
35	GGGCCCCT	8	350	0.023922137
35	GCCCGGC	7	350	0.023922137
35	GCT	3	350	0.023922137
35	ACCCCGGGCCT	11	348	0.023785439
35	GGGCCTCCCCC	11	347	0.02371709
36	CTCCCCT	7	345	0.023580392
35	ACTGGGCCTT	10	344	0.023512043
35	AGGCGGGCC	9	343	0.023443694
35	GGCCTCCT	8	343	0.023443694
35	GGGGGGGCCC	10	342	0.023375345
35	AGACACCC	8	342	0.023375345
36	TGGGCCT	7	342	0.023375345
35	CCGGCC	6	342	0.023375345
35	AGGC	4	342	0.023375345
35	GGGACTCGGGCC	12	340	0.023238647
35	GGGCTCGCCCCC	12	339	0.023170298
35	ACCTCGAC	8	339	0.023170298
35	GGAGGCC	7	339	0.023170298
35	AGCTTT	6	338	0.023101949
35	AGACTCCC	8	337	0.0230336
35	GCGACCTCCGGGGCC	15	336	0.022965251
35	AGCCCCGTTCCCT	13	336	0.022965251
35	GAGAAGGACCCA	12	336	0.022965251
35	GCCGGAGAGCCC	12	336	0.022965251
36	CGGGGGGCCT	10	336	0.022965251
36	TGGAGACT	8	336	0.022965251
35	GGGGTC	6	335	0.022896902
35	CCATGACT	8	334	0.022828553
35	CCCGGT	6	333	0.022760205
35	GGAAGGTC	8	331	0.022623507
35	GCCTGGCTC	9	328	0.02241846
35	GGCCCCTCCCCT	12	327	0.022350111
35	AGGAGCCC	8	327	0.022350111
35	ACCCGGCC	8	326	0.022281762
35	AGCCAGAA	8	326	0.022281762
35	CCTCCCC	7	326	0.022281762
35	GGTCT	5	326	0.022281762
35	GGGTGGC	7	325	0.022213413
35	GACTTCCC	8	324	0.022145064
35	GGTGGTTC	8	324	0.022145064
35	GGTTGAAA	8	324	0.022145064
36	CCCCTTT	7	323	0.022076715
35	CTT	3	323	0.022076715
35	ATCCCCAC	8	322	0.022008366
35	AGAGAC	6	321	0.021940017
35	AGGTGGGGCTCC	12	319	0.021803319
35	CGAACCGGCCC	11	319	0.021803319
35	CCCCGCGC	8	319	0.021803319
36	CCGACCCT	8	319	0.021803319
35	GGCCCCTCCCC	11	317	0.021666621
35	GGCGGGAC	8	317	0.021666621
36	TGGACTT	7	317	0.021666621
35	GCCACC	6	316	0.021598272
35	GGGGGAAT	8	313	0.021393225
36	CCTTCCCT	8	312	0.021324876
35	GGCCGGAACGGGG	13	311	0.021256527
35	GGGTCGGTC	9	311	0.021256527
35	GGTCC	5	311	0.021256527
35	CTAACTCTGGGT	12	310	0.021188178
35	AGGACCCC	8	310	0.021188178
35	GGCCGGGC	8	310	0.021188178
35	GTGGACCC	8	310	0.021188178
35	ACCCAAAA	8	308	0.02105148
35	GGAGGCCT	8	308	0.02105148
35	GACCCCC	7	307	0.020983131
36	CCTGGCT	7	307	0.020983131
36	CTCGGGGGCGTCT	13	306	0.020914783
35	GGGCAATT	8	306	0.020914783
35	GGCCGGC	7	306	0.020914783
35	GGCTAGC	7	306	0.020914783
36	CCCCGCCCCT	10	305	0.020846434
35	CCCGTGGCT	9	303	0.020709736
35	GCCCTGGTCCC	11	302	0.020641387
35	CCTGCCC	7	302	0.020641387
35	GGCCTAGGGTT	11	299	0.02043634
35	GCACCCCC	8	299	0.02043634
35	GGGGTCCC	8	299	0.02043634
35	GAAAAACT	8	298	0.020367991
35	CCCCGGC	7	298	0.020367991
35	GGGACACC	8	297	0.020299642
35	GTTCCCTGGCC	11	296	0.020231293
35	GCCTCGGGA	9	296	0.020231293
35	CTGGACCC	8	296	0.020231293
36	CCTGCCTT	8	296	0.020231293
35	GTCGCCC	7	296	0.020231293
35	GTTAGAC	7	296	0.020231293
35	GGCCGTTCCC	10	294	0.020094595
35	GGGGACCC	8	294	0.020094595
35	GGCCCTCC	8	291	0.019889548
35	CCT	3	291	0.019889548
35	CCCTGGCCCGCCC	13	290	0.019821199
35	AGGCCCCT	8	290	0.019821199
36	CTCACATT	8	290	0.019821199
35	GGTTGCC	7	290	0.019821199
35	GTCC	4	290	0.019821199
35	GGGCACCT	8	289	0.01975285
35	AGGGGC	6	289	0.01975285
35	GGAT	4	289	0.01975285
35	ATTCCCGG	8	288	0.019684501
35	CTCGGTC	7	288	0.019684501
35	CTAGTT	6	288	0.019684501
35	GGGGAAGC	8	287	0.019616152
35	CCTCGAC	7	287	0.019616152
36	TACCCGAACT	10	286	0.019547803
35	AACCCTTCCGGGC	13	285	0.019479454
35	AGGGTGCGC	9	285	0.019479454
35	GACGGCCT	8	285	0.019479454
35	GGAGGCCC	8	285	0.019479454
35	GGTGGCC	7	285	0.019479454
35	GTGGGCC	7	285	0.019479454
35	GGCTTTTGCCTT	12	284	0.019411105
35	GGGGTCC	7	283	0.019342756
35	GACCCT	6	282	0.019274407
35	GGCTTCC	7	281	0.019206058
35	CCGTATAACC	10	280	0.019137709
35	GCCCTGGACT	10	280	0.019137709
35	CCCAGCTTT	9	280	0.019137709
35	ACCAGGTT	8	280	0.019137709
35	GGGAAGCC	8	280	0.019137709
35	GTCTCCTTCGGCT	13	279	0.019069361
35	ACGATTCC	8	279	0.019069361
35	GCCCACCC	8	279	0.019069361
36	TAGAGCTCTAACT	13	278	0.019001012
35	AGGGCCCCGTC	11	276	0.018864314
35	GGGAGC	6	276	0.018864314
35	GCCCCTGGGGCC	12	274	0.018727616
35	CCCTTAACCGATCCT	15	273	0.018659267
35	GGCTTCCGGT	10	273	0.018659267
36	CCTCCCCT	8	273	0.018659267
35	GCCTGGC	7	273	0.018659267
35	ATTCCTTTCGG	11	272	0.018590918
35	GCCCCGGG	8	272	0.018590918
35	AGACGCC	7	271	0.018522569
35	ATCGGGC	7	271	0.018522569
35	GCTCTT	6	271	0.018522569
35	GAGGGGC	7	270	0.01845422
35	AGCCGGGGA	9	269	0.018385871
35	AGCCCTTC	8	269	0.018385871
35	AGGCCTCC	8	269	0.018385871
35	CCTCGGC	7	268	0.018317522
35	GTTGCC	6	268	0.018317522
35	GGGGGCTT	8	267	0.018249173
35	GGCTCCC	7	267	0.018249173
35	AGACTGAGAC	10	266	0.018180824
35	GCCCGAGCCT	10	266	0.018180824
35	ATCCCCTC	8	266	0.018180824
35	GGTTGTCT	8	266	0.018180824
35	CCCCGGT	7	266	0.018180824
35	GTCCCCG	7	266	0.018180824
36	TAGAGCT	7	266	0.018180824
35	AGCCCCT	7	265	0.018112475
35	GCCCCTCC	8	264	0.018044126
35	GGCTTTGCCC	10	263	0.017975777
36	TACCTTT	7	263	0.017975777
35	CTTCATCC	8	262	0.017907428
36	CCTGCCCT	8	262	0.017907428
35	AGC	3	262	0.017907428
35	GCGGACGACCC	11	261	0.017839079
35	GCGGCGAACC	10	261	0.017839079
35	AGGACCT	7	261	0.017839079
36	CCTGGGCT	8	260	0.01777073
35	GGGGTTAGGCC	11	259	0.017702381
35	ACGGAACCCC	10	259	0.017702381
35	CCCAGCTC	8	259	0.017702381
35	CTTACCCC	8	259	0.017702381
35	GTCCCCCC	8	259	0.017702381
35	GGGGAGC	7	259	0.017702381
36	TAGACT	6	259	0.017702381
35	AAAGAGCC	8	258	0.017634032
35	GCTCCGCC	8	257	0.017565683
35	GGGACCCC	8	256	0.017497334
35	GTCCCTCT	8	256	0.017497334
35	GGT	3	256	0.017497334
35	GTCCCCGGC	9	255	0.017428985
35	ACCCTCAC	8	255	0.017428985
35	AGGGGCCT	8	255	0.017428985
35	GCCCCGCC	8	255	0.017428985
35	GGGGGTC	7	255	0.017428985
35	GTCCCCGCCGGT	12	254	0.017360636
35	AGGCGCCT	8	254	0.017360636
35	AGGCGGCC	8	254	0.017360636
35	GGAGGTCC	8	254	0.017360636
35	AGCCCTCTGAGT	12	253	0.017292288
35	GCCCCCAC	8	253	0.017292288
35	GCCGCCCCTGGCC	13	252	0.017223939
35	GGGCCCAGAC	10	252	0.017223939
36	TGGCTCCT	8	252	0.017223939
35	GGGCGGC	7	252	0.017223939
36	CTTGGCT	7	252	0.017223939
35	ACCCC	5	252	0.017223939
35	GGCCCGCT	8	251	0.01715559
35	GGTAGACT	8	251	0.01715559
36	TGTCCTTT	8	251	0.01715559
35	GAGGCCT	7	251	0.01715559
35	AGGCCT	6	251	0.01715559
35	CCCCTCCC	8	250	0.017087241
35	CCAGGAGTGTC	11	249	0.017018892
35	AGGGGGTC	8	249	0.017018892
35	GCCCGGCT	8	249	0.017018892
35	GGTTCCCT	8	249	0.017018892
35	GCTCGGGCC	9	248	0.016950543
35	CCTTGGGCTT	10	247	0.016882194
35	GAGGTC	6	247	0.016882194
35	GGTTGGGGGCCCA	13	246	0.016813845
35	CCCACCTC	8	246	0.016813845
35	GAGCCC	6	246	0.016813845
35	GGGGCT	6	246	0.016813845
35	AGGCCCGGTGCC	12	245	0.016745496
35	GCCCGGGA	8	243	0.016608798
35	GCTCGGCC	8	242	0.016540449
35	GGAATCCC	8	242	0.016540449
35	ACTTCCC	7	242	0.016540449
35	CCCGGCC	7	242	0.016540449
35	CGTCGCA	7	242	0.016540449
35	GCTCCC	6	242	0.016540449
35	GCCTCCCC	8	241	0.0164721
35	GGTTGGC	7	241	0.0164721
35	GCCCTAGACGCC	12	240	0.016403751
35	ACT	3	240	0.016403751
35	AGG	3	240	0.016403751
35	GGCAAATACTTGC	13	239	0.016335402
35	GACCTTTGCC	10	239	0.016335402
35	GGGCACCC	8	239	0.016335402
36	CCCGCGTCCCCT	12	238	0.016267053
35	GGCCGGCCCC	10	238	0.016267053
35	GCCCTCCC	8	238	0.016267053
35	GGCCTCCC	8	238	0.016267053
35	CCTCGTGCCCTCTC	14	237	0.016198704
35	ACTGGCGCCGAG	12	237	0.016198704
35	AGGGCCCCTGGT	12	237	0.016198704
36	CCCCTGTT	8	237	0.016198704
36	TCCCCACT	8	237	0.016198704
35	GGCCCTT	7	237	0.016198704
35	AGGGCCTC	8	236	0.016130355
35	AGGGGTCC	8	236	0.016130355
35	CCCTTCCC	8	236	0.016130355
35	GCCCTGGC	8	236	0.016130355
35	GCTCGGC	7	235	0.016062006
35	GTCT	4	235	0.016062006
35	GCGCCCC	7	234	0.015993657
35	GGGAGGC	7	234	0.015993657
35	GGGGGACC	8	233	0.015925308
35	GTCACTTG	8	233	0.015925308
35	GGCTGGC	7	233	0.015925308
35	GGCCGC	6	233	0.015925308
35	GCCCT	5	232	0.015856959
35	GGCCCGGC	8	231	0.01578861
35	GAGGAC	6	231	0.01578861
35	GGATCC	6	231	0.01578861
35	GGGCCCCTTGACCTC	15	230	0.015720261
35	GCCCAGT	7	229	0.015651912
35	GGCGAACCTC	10	228	0.015583563
35	GCTTAGGGC	9	228	0.015583563
35	AAGGCCTT	8	228	0.015583563
35	GGCGCCCC	8	228	0.015583563
36	CCACTCCT	8	228	0.015583563
35	GGCCCTCT	8	227	0.015515214
35	AGGGCTT	7	227	0.015515214
35	GCCCCTTGGGTTGA	14	226	0.015446866
35	GTCCCCGGGGAC	12	226	0.015446866
35	GCTTACCC	8	226	0.015446866
35	GGTAGCC	7	226	0.015446866
35	AGGCCATCGCCC	12	225	0.015378517
35	CCCTGGAA	8	225	0.015378517
35	AGGGAGT	7	225	0.015378517
35	GCAGTTCTTAGCC	13	224	0.015310168
35	GTCAGAGCGCGC	12	224	0.015310168
35	CCGAAGGGGC	10	224	0.015310168
35	GAGGACTCCC	10	224	0.015310168
35	AGGACC	6	224	0.015310168
35	GTCGTCCCT	9	223	0.015241819
35	CCCTTAGC	8	223	0.015241819
35	GGGCTCCC	8	223	0.015241819
35	CCTTCCC	7	223	0.015241819
35	GGGACC	6	223	0.015241819
35	AGGTCCCC	8	222	0.01517347
35	CCCTCCCG	8	222	0.01517347
35	GGGAACCC	8	222	0.01517347
35	AGAACCC	7	222	0.01517347
36	TCCTACCCGGAGCCT	15	221	0.015105121
35	CCCCCGCT	8	221	0.015105121
35	CGAGAGGC	8	221	0.015105121
36	CGGACCCT	8	221	0.015105121
35	GGGCCCA	7	221	0.015105121
35	AGAGCC	6	221	0.015105121
36	CGCCCT	6	221	0.015105121
36	CCTCTCGGGGGCCT	14	220	0.015036772
36	TCAGGAGCCT	10	220	0.015036772
35	AAACGCCC	8	220	0.015036772
35	CCGTACCC	8	220	0.015036772
35	ATCCC	5	220	0.015036772
35	GCCCTAAGGTT	11	219	0.014968423
36	TCGTAGGGT	9	219	0.014968423
35	GGTCTTGC	8	219	0.014968423
35	CTCTAAC	7	219	0.014968423
35	GGTTCCC	7	219	0.014968423
36	TCGCCCT	7	219	0.014968423
36	TCGCCTT	7	219	0.014968423
35	GCGCCTCTTGGCCC	14	218	0.014900074
36	CCCCCTCCGGGCCT	14	218	0.014900074
35	AGAAAAAC	8	218	0.014900074
35	GTTTCGGTCCC	11	217	0.014831725
35	AGCCGGCCCC	10	217	0.014831725
35	AGGGGCCC	8	217	0.014831725
35	GACGGGCC	8	217	0.014831725
35	GGGCCCTT	8	217	0.014831725
35	ACGGGCG	7	217	0.014831725
35	GGTCGGC	7	217	0.014831725
35	GGCT	4	217	0.014831725
35	GGCCGGCC	8	216	0.014763376
35	GGGCTT	6	216	0.014763376
36	TAGACTAACCCT	12	215	0.014695027
35	CCCCGAGGGG	10	215	0.014695027
35	GGGACCGGCC	10	215	0.014695027
35	GCCTTAGGA	9	215	0.014695027
35	GACCTTCC	8	215	0.014695027
35	GGTGCCCC	8	215	0.014695027
36	TCCCCCT	7	215	0.014695027
35	GGTTGCCGTC	10	214	0.014626678
35	ACCCAGGT	8	214	0.014626678
35	CTCTCGCC	8	214	0.014626678
35	GTTCCCCC	8	214	0.014626678
35	GCTTGGC	7	214	0.014626678
35	GACAGT	6	214	0.014626678
35	GAGCC	5	214	0.014626678
36	AAACTTAG	8	213	0.014558329
35	AGGGGGG	7	213	0.014558329
35	GGGCGCC	7	213	0.014558329
35	GGGGGCT	7	213	0.014558329
36	TCCT	4	213	0.014558329
35	ACTCAGGGGGCCTC	14	212	0.01448998
35	CCAGGATCTGAAAC	14	212	0.01448998
35	GGGGAACGTTGG	12	212	0.01448998
35	GCTTAGGC	8	212	0.01448998
35	GACCCCT	7	212	0.01448998
35	ATCCCT	6	212	0.01448998
35	AAC	3	212	0.01448998
36	CCCCCCTCCT	10	211	0.014421631
35	AGGCCCTT	8	211	0.014421631
35	AGGGGGGC	8	211	0.014421631
35	GGGACTCT	8	211	0.014421631
35	GGGGCCCT	8	211	0.014421631
36	CGAAGCCT	8	211	0.014421631
36	TTGCCT	6	211	0.014421631
35	GCCTCTCCCGGC	12	210	0.014353282
35	GACCCTCC	8	210	0.014353282
35	GCAAAGCCCGGCT	13	209	0.014284933
35	CCCTTTCC	8	209	0.014284933
35	GGGGCCTC	8	209	0.014284933
35	GGCCTCC	7	209	0.014284933
35	CCTTGACCCCCCCT	14	208	0.014216584
35	GCCCCCTCACCC	12	208	0.014216584
35	CCCAGGCT	8	208	0.014216584
35	CCCGGCCT	8	208	0.014216584
35	AGGGACC	7	208	0.014216584
36	ACCCCT	6	208	0.014216584
35	AGCC	4	208	0.014216584
35	CCCCGGGA	8	207	0.014148235
35	CCTGGTCT	8	207	0.014148235
35	CGGGGCC	7	207	0.014148235
35	GGCGAAC	7	207	0.014148235
36	TCCCT	5	207	0.014148235
35	ACTGGCGCC	9	206	0.014079886
35	AGCCGCCT	8	206	0.014079886
35	CTCCCCCT	8	206	0.014079886
36	CCCCGCCT	8	206	0.014079886
35	AGGGGGA	7	206	0.014079886
35	CTCGGGG	7	206	0.014079886
35	GCGCCCCCCTTACCA	15	205	0.014011537
35	AGTCCCCC	8	205	0.014011537
35	CCCTTCCT	8	205	0.014011537
35	GGGGGCCA	8	205	0.014011537
36	TTT	3	205	0.014011537
35	ACTCTCTGGGCCC	13	204	0.013943188
36	TTTCCCCCCT	10	204	0.013943188
36	CCCCCCTT	8	204	0.013943188
35	GCGGGC	6	204	0.013943188
