35	CC	2	41995	3.221295606
35	CT	2	16752	1.284989737
35	GT	2	11928	0.914956876
35	GC	2	9913	0.760392983
35	GG	2	8475	0.650088826
36	TT	2	5750	0.441063215
36	CT	2	5380	0.412681756
35	GCC	3	4619	0.354307999
36	T	1	4402	0.337662656
35	C	1	4182	0.320787194
35	G	1	4142	0.317718928
35	GGGCC	5	4042	0.310048264
35	AGGCCCC	7	3947	0.302761132
35	GA	2	3731	0.286192497
35	GGGCCC	6	2545	0.195218415
35	GGGGCC	6	2428	0.186243737
35	AC	2	2339	0.179416845
35	GGAAGCC	7	1899	0.145665921
35	CCC	3	1896	0.145435801
35	GTTTCCGC	8	1816	0.139299269
35	GACCCGGCCCCT	12	1793	0.137535017
35	GGCCCC	6	1787	0.137074777
35	GCTGGC	6	1757	0.134773577
35	CG	2	1727	0.132472378
35	GGGGGGGC	8	1660	0.127333033
35	GGGCCCC	7	1655	0.126949499
35	GCGTTGGGGGCC	12	1652	0.126719379
35	AGGGCCTT	8	1641	0.125875606
35	AGGTTGGA	8	1619	0.12418806
35	GGC	3	1609	0.123420994
35	GCCTTCGAGCCCC	13	1568	0.120276021
35	GTCTCGCCC	9	1567	0.120199315
35	CTGGCCC	7	1557	0.119432248
35	GGACATAGGGGCCC	14	1526	0.117054342
35	CCT	3	1483	0.113755956
36	CCAAGCTT	8	1475	0.113142303
35	GGGGGGC	7	1462	0.112145117
35	AGAC	4	1434	0.109997331
36	CAGGAGGGCCT	11	1403	0.107619425
35	CA	2	1359	0.104244332
35	GCCATTCC	8	1358	0.104167626
35	CCCCCCCC	8	1342	0.102940319
35	ATCCAGCG	8	1335	0.102403373
36	AGTGGTCT	8	1329	0.101943133
35	GGGCCTCGGGCT	12	1318	0.10109936
35	ACTTCCTGGGAGC	13	1297	0.09948852
35	GGGCTCGGGGAC	12	1294	0.0992584
35	GCCCCGGC	8	1279	0.0981078
35	GGGGGCC	7	1275	0.097800974
35	GGTTGCCT	8	1274	0.097724267
35	CTTGGGA	7	1273	0.097647561
35	AGGGACCC	8	1270	0.097417441
36	TGCCATAT	8	1236	0.094809415
35	AGGCAACT	8	1235	0.094732708
35	GGCCGGCC	8	1206	0.092508215
35	ACAGAGCCCAGGCCC	15	1201	0.092124682
35	AGGCCCT	7	1198	0.091894562
35	GATGGAAC	8	1190	0.091280909
35	AT	2	1178	0.090360429
35	CCTCAACC	8	1155	0.088596176
35	AGGGGGGTCG	10	1144	0.087752403
35	GCCCGGC	7	1140	0.087445577
35	GGCCCGTTCGGCC	13	1138	0.087292163
35	GCCCCC	6	1138	0.087292163
35	GCCTTTTC	8	1134	0.086985337
35	GCTGGCC	7	1125	0.086294977
35	GGCCGGGC	8	1122	0.086064857
35	GGACCCT	7	1109	0.085067671
35	ACCCTCGGAT	10	1106	0.084837551
35	GCCCGCCC	8	1094	0.083917071
35	GGGAGGAGGAC	11	1084	0.083150004
35	GCCCC	5	1083	0.083073298
35	GGGCCCT	7	1057	0.081078925
35	CCGTTCAA	8	1055	0.080925512
35	GTTCGGCT	8	1030	0.079007846
35	GCGGATTAGT	10	1023	0.078470899
35	CTGACCCCTT	10	1019	0.078164072
35	GCCCCCCC	8	1019	0.078164072
36	CAAGCCT	7	1017	0.078010659
35	CGTCGGGA	8	1010	0.077473713
35	GGCCC	5	1010	0.077473713
36	CCT	3	1000	0.076706646
35	GCCCTCCCACGGCC	14	993	0.0761697
35	CCAAGCCTCAGCT	13	990	0.07593958
35	CCTTCAGG	8	984	0.07547934
35	CCCTCT	6	979	0.075095807
35	GACCC	5	972	0.07455886
36	TAGAGCT	7	969	0.07432874
35	GGCC	4	965	0.074021914
35	GCCTTTGGTCCTT	13	960	0.07363838
35	GCCTGT	6	958	0.073484967
35	GGAAGGTT	8	951	0.072948021
35	CCCGGCCT	8	943	0.072334367
36	CCTCGGACCGGGCGT	15	939	0.072027541
35	CCCCC	5	929	0.071260474
35	GTATTCAA	8	908	0.069649635
35	AGCCCCAGGCTC	12	907	0.069572928
35	GGGCCCCC	8	907	0.069572928
35	AGGGGT	6	906	0.069496221
36	TTCCCT	6	900	0.069035982
35	GGGGGC	6	891	0.068345622
35	ACCCCC	6	887	0.068038795
35	GGACCCC	7	885	0.067885382
35	GGCCTCCG	8	877	0.067271729
35	A	1	870	0.066734782
35	GCCCCGGA	8	866	0.066427956
35	GACGGGAT	8	859	0.065891009
35	GGGGCCC	7	858	0.065814302
35	GGGCGTCC	8	841	0.064510289
35	ATCTTTAT	8	840	0.064433583
36	TCTGACAT	8	836	0.064126756
35	GGGGC	5	836	0.064126756
35	GATCGGGA	8	830	0.063666516
35	GGTCCCC	7	819	0.062822743
36	CAGAGTT	7	819	0.062822743
35	GAC	3	811	0.06220909
35	GGCCTTATGCCC	12	805	0.06174885
35	AGGGGACT	8	805	0.06174885
35	GACCGGT	7	805	0.06174885
35	AAACACCGAGAC	12	798	0.061211904
35	GAGGGGCC	8	794	0.060905077
35	GCCCCAGGAGGC	12	793	0.06082837
35	AGGGCCC	7	792	0.060751664
35	GACCCC	6	790	0.06059825
35	GGGCCT	6	788	0.060444837
35	GCGCCTCGAAC	11	787	0.060368131
35	GGGAGGCC	8	785	0.060214717
35	GTACCTCTAC	10	782	0.059984597
35	GTCCCGAAGGC	11	779	0.059754477
35	GCCC	4	772	0.059217531
35	GGGCCCCGGG	10	768	0.058910704
35	CTCGTGAC	8	767	0.058833998
35	AG	2	763	0.058527171
35	GGGACC	6	761	0.058373758
35	CCCCTGTTTAAGC	13	758	0.058143638
35	CCCAAGCCCC	10	758	0.058143638
35	ACCCCCGA	8	756	0.057990225
35	CCGTCCCC	8	756	0.057990225
35	AGACTGAGCTAGC	13	755	0.057913518
36	TAGAGACT	8	750	0.057529985
35	GCTGCC	6	747	0.057299865
35	AGCCCCGCCT	10	745	0.057146451
35	GCT	3	740	0.056762918
35	GGCCCCGG	8	737	0.056532798
35	GGGGCCT	7	737	0.056532798
36	TTGGGGTCT	9	730	0.055995852
35	AGCACGAC	8	728	0.055842438
35	AGGGCC	6	728	0.055842438
36	TTTCCT	6	726	0.055689025
35	CCTTCAGT	8	720	0.055228785
35	AGGCCGGGGAGCCT	14	716	0.054921959
35	AGGTCCC	7	715	0.054845252
35	ACTCCTCCCC	10	711	0.054538425
36	TCGGCCT	7	710	0.054461719
35	GGCCCCC	7	706	0.054154892
36	CCCTAGGGGCCT	12	697	0.053464532
35	ATTTCCCT	8	694	0.053234412
35	CTAGTCTTCTTC	12	691	0.053004293
35	GTATTCA	7	691	0.053004293
35	GTTGAGGAC	9	683	0.052390639
35	GGCCCCCG	8	674	0.05170028
35	GGCTCGGC	8	674	0.05170028
36	AATTACTT	8	671	0.05147016
35	ACCCCCCT	8	667	0.051163333
35	GGCCCGGC	8	666	0.051086626
35	GGCGCCC	7	666	0.051086626
35	CCCCGGTCCTC	11	663	0.050856506
35	GGGGGCCC	8	660	0.050626386
35	GAGACTTC	8	657	0.050396267
35	GGCCT	5	657	0.050396267
36	TTCCCCT	7	655	0.050242853
35	CCCCCCC	7	649	0.049782613
35	GTCCCCCC	8	639	0.049015547
36	TCTTTCCCT	9	636	0.048785427
36	CCCGTGCT	8	631	0.048401894
35	GTAGAAGACCCCC	13	629	0.04824848
36	CCTGGCCT	8	629	0.04824848
35	GAGCCTTCCC	10	627	0.048095067
36	CCTCACCT	8	626	0.048018361
35	GAAACTGGCCC	11	620	0.047558121
35	GGCCCCCC	8	614	0.047097881
35	AGGTGCGC	8	611	0.046867761
35	GACGGGTCTCC	11	606	0.046484228
35	ACTGGGCC	8	606	0.046484228
35	GGCCGT	6	604	0.046330814
35	AGGAAAAA	8	596	0.045717161
35	CCTAAGGA	8	595	0.045640454
34	CTACACCC	8	592	0.045410335
35	AGGGGGCCCC	10	590	0.045256921
35	GGGGCCCC	8	590	0.045256921
35	GCCCAGGGGGCCA	13	589	0.045180215
35	CTCCTCTTGGC	11	588	0.045103508
35	GGGTCCCT	8	584	0.044796681
35	CCCCTAGGTTCGGGT	15	581	0.044566561
35	GGCTGGTTTCCTGTC	15	574	0.044029615
35	GGGAGGAGGACT	12	572	0.043876202
35	GGCCCTT	7	571	0.043799495
35	AGGCGGGGAGC	11	569	0.043646082
35	GGGTGCCT	8	568	0.043569375
35	GTTGCTC	7	568	0.043569375
35	GGGGCCCT	8	566	0.043415962
35	AGGCC	5	566	0.043415962
35	CTAAGGGATACT	12	564	0.043262548
34	TGAGCACG	8	563	0.043185842
35	AGGTAGAC	8	562	0.043109135
36	CTGGAAT	7	561	0.043032429
35	GGG	3	561	0.043032429
35	GGGTCC	6	560	0.042955722
36	CGCTCT	6	559	0.042879015
35	GGGGTAGGCC	10	552	0.042342069
35	GCAATCCC	8	552	0.042342069
35	CCTCCCC	7	552	0.042342069
35	CCCCCTCGACC	11	551	0.042265362
35	GGCGGGGA	8	551	0.042265362
35	GGTCCC	6	551	0.042265362
35	GGCCCCT	7	540	0.041421589
35	CCCGGGCC	8	539	0.041344882
35	CGGTACT	7	539	0.041344882
36	AGTGGTCGTT	10	538	0.041268176
35	GGCAGGC	7	538	0.041268176
35	AAGATCCC	8	536	0.041114762
35	ACGCTCCT	8	535	0.041038056
35	GCCCCTTG	8	535	0.041038056
35	GGCCCCCT	8	535	0.041038056
35	GTTGGGAT	8	531	0.040731229
35	AGGGTCCCACTT	12	528	0.040501109
35	GAGGCC	6	528	0.040501109
36	CCCT	4	526	0.040347696
35	GCGGACCC	8	524	0.040194283
35	ACCCGGGCCC	10	523	0.040117576
35	CCCGACTGGGCGACT	15	522	0.040040869
35	AGCTCCGGTGCCC	13	521	0.039964163
35	AGGGGCT	7	521	0.039964163
36	TCCGGCCT	8	517	0.039657336
35	AGGGGCC	7	517	0.039657336
35	ACCCTGGGT	9	514	0.039427216
36	CGTTTCCT	8	514	0.039427216
35	GTC	3	514	0.039427216
35	GGGCCCCT	8	511	0.039197096
36	TAGACT	6	511	0.039197096
35	CCCAAGC	7	510	0.03912039
35	GGCTAGGCC	9	509	0.039043683
35	GGTCCCT	7	508	0.038966976
35	GGCAAAAC	8	506	0.038813563
35	GGCTTGCC	8	506	0.038813563
35	GGCCTCGC	8	505	0.038736856
35	CCCCCC	6	505	0.038736856
36	CCGAGGGGGCCT	12	504	0.03866015
35	AGGCCGCT	8	504	0.03866015
35	CGCCCCGCG	9	501	0.03843003
35	ACCTGGGCC	9	499	0.038276616
35	ACCGGCC	7	498	0.03819991
35	GATCCCC	7	497	0.038123203
35	GCCCCCC	7	497	0.038123203
36	CCCCCT	6	497	0.038123203
35	GCCCCT	6	495	0.03796979
35	CGGCGGGCTC	10	494	0.037893083
35	ATCGACAG	8	494	0.037893083
36	TAGAGCTCTAACT	13	493	0.037816377
35	GGCTAGGGGACT	12	492	0.03773967
35	GTCTTTTTTC	10	491	0.037662963
35	GACCCCC	7	485	0.037202723
35	GCGCCCT	7	484	0.037126017
35	AGGAGGTT	8	483	0.03704931
35	GTCCCC	6	480	0.03681919
35	GGGCCTCC	8	477	0.03658907
35	GGGTCCCC	8	475	0.036435657
35	AAGGGACATCGGGCC	15	470	0.036052124
35	GGGGTGGCCT	10	469	0.035975417
35	AGGCCCCC	8	466	0.035745297
35	CCCCCCCCCAACTC	14	465	0.03566859
35	GGGGTC	6	465	0.03566859
35	CCCC	4	464	0.035591884
35	CCGGCCCC	8	459	0.035208351
35	GCCTGTAG	8	459	0.035208351
35	GACCGCCC	8	453	0.034748111
36	CTT	3	451	0.034594697
36	CTTACCCT	8	450	0.034517991
35	GGGGGCAACTCC	12	447	0.034287871
35	GGACGACTTC	10	447	0.034287871
35	AGGGGCGGGA	10	441	0.033827631
35	AGGATAAC	8	440	0.033750924
35	ACCGCTGACC	10	435	0.033367391
36	TTCTCCCT	8	435	0.033367391
35	CGAGGGCC	8	432	0.033137271
35	CGCCAAGAGCCC	12	431	0.033060564
35	GGCGGCC	7	431	0.033060564
35	GGGCGCC	7	430	0.032983858
35	ATCCAGCCCC	10	428	0.032830445
35	GTTCTCGG	8	428	0.032830445
35	GTTGCC	6	428	0.032830445
35	CCCCGGGA	8	427	0.032753738
35	CCTCGGT	7	427	0.032753738
35	GCCCT	5	427	0.032753738
35	AGGGACC	7	424	0.032523618
35	CCTCGGCC	8	421	0.032293498
35	GGCCCT	6	419	0.032140085
35	ACTAGGC	7	418	0.032063378
35	GCCGTCCC	8	417	0.031986671
35	GCCGGAGGGCC	11	416	0.031909965
35	AGGCCC	6	412	0.031603138
35	ACCCCCGGGAT	11	409	0.031373018
35	GGAGGCC	7	409	0.031373018
35	AGGTGCTCT	9	408	0.031296312
35	CCCTTGCC	8	408	0.031296312
35	CGGCGCC	7	407	0.031219605
35	GCCCGGCC	8	405	0.031066192
35	GTCTCCGGT	9	404	0.030989485
35	CGCCC	5	404	0.030989485
35	GGTCGTGACC	10	403	0.030912778
35	AGGTGAAG	8	403	0.030912778
35	AACTCAGCC	9	401	0.030759365
35	GGTTAGGGACC	11	397	0.030452539
35	AGCAGTAGAGGCC	13	396	0.030375832
35	GGCGGGCCC	9	396	0.030375832
35	GCCCCCCT	8	396	0.030375832
35	GAGAGCC	7	396	0.030375832
36	CACCTCT	7	396	0.030375832
35	GGGGGACC	8	395	0.030299125
35	GGCGCC	6	394	0.030222419
35	GCCGCCCT	8	391	0.029992299
35	GTTCAGTCTC	10	389	0.029838885
36	TCCCCT	6	388	0.029762179
35	GGTTAGTGCC	10	387	0.029685472
35	ACCCCCCC	8	387	0.029685472
35	CCCCCGCC	8	387	0.029685472
36	CCCCCCCT	8	385	0.029532059
35	GTCTCCGGGC	10	384	0.029455352
36	TTGACCCCCT	10	384	0.029455352
35	GCCTGGGT	8	384	0.029455352
35	CTT	3	384	0.029455352
35	CCGGCC	6	382	0.029301939
35	GGAC	4	380	0.029148526
35	CCGAAGGG	8	379	0.029071819
36	AGCAGGGT	8	378	0.028995112
35	GGGCGGT	7	378	0.028995112
35	AGGGGC	6	378	0.028995112
35	GGTTAGGGCCT	11	376	0.028841699
35	GCCTCTTTCT	10	375	0.028764992
35	GGTCCCGGCC	10	374	0.028688286
35	AAAGTACTTTTCG	13	371	0.028458166
35	GGCAGTCCCT	10	371	0.028458166
35	CTGGACCC	8	371	0.028458166
35	AGGGCCT	7	371	0.028458166
35	CACCCGCC	8	368	0.028228046
35	ACC	3	368	0.028228046
35	GGCCTCCC	8	367	0.028151339
35	AGGCCCCT	8	365	0.027997926
35	GGCCTT	6	365	0.027997926
35	GTGCCCC	7	364	0.027921219
35	GGCCCGCC	8	363	0.027844513
35	GGGGTCC	7	363	0.027844513
35	GCTTTCCC	8	362	0.027767806
35	GCGGGC	6	362	0.027767806
35	CTAACCT	7	361	0.027691099
35	GGAGTGGCCCC	11	360	0.027614393
36	CGGGGCT	7	356	0.027307566
36	CGAGGTCTTGCCCT	14	355	0.027230859
35	GGCCGAGGGCC	11	355	0.027230859
35	CCTCGCT	7	355	0.027230859
35	CCCCGTT	7	354	0.027154153
35	ACCCCTTCCCG	11	353	0.027077446
35	GCCCCCT	7	353	0.027077446
36	CCTCGTCTTCAT	12	352	0.027000739
35	GTTCTCCT	8	352	0.027000739
35	GCCCGCCT	8	351	0.026924033
36	TGGCTTCT	8	351	0.026924033
35	AGCCCCCC	8	350	0.026847326
35	GACCCTAC	8	349	0.02677062
36	CCCGCCCT	8	349	0.02677062
35	GGAGGGA	7	348	0.026693913
35	GGGAATCC	8	345	0.026463793
35	AGGGGGG	7	345	0.026463793
35	GTCCCT	6	345	0.026463793
35	ACT	3	345	0.026463793
35	AAGGGGGC	8	342	0.026233673
35	GGGGAGCC	8	342	0.026233673
35	GCCGAAAAGC	10	341	0.026156966
35	GCTCCAAA	8	341	0.026156966
35	GGGAAACC	8	340	0.02608026
35	GGCTGGC	7	340	0.02608026
35	AGGGCGC	7	339	0.026003553
35	GCACCCTCGTTTCT	14	338	0.025926846
35	CCAGGGGC	8	338	0.025926846
35	GCCCAGG	7	338	0.025926846
35	GGCCTGG	7	338	0.025926846
35	GCTCCTAGGGCCCCT	15	336	0.025773433
35	GGGCCTT	7	336	0.025773433
35	AGGGGGGGC	9	335	0.025696726
35	GGCTAGGGC	9	335	0.025696726
35	GCCTTTCG	8	334	0.02562002
35	GCTTACCCC	9	329	0.025236487
35	AGGGCCA	7	327	0.025083073
35	GTTCGCC	7	327	0.025083073
35	GGCTAAACT	9	326	0.025006367
36	CCTACTCT	8	326	0.025006367
35	GTT	3	324	0.024852953
36	CCTGCCGGTTCT	12	321	0.024622833
35	GCTATACCCT	10	321	0.024622833
35	AAGGGCCC	8	321	0.024622833
36	CCCCTT	6	321	0.024622833
36	CGGTCGCCCT	10	320	0.024546127
35	GAGCGGT	7	320	0.024546127
35	GTCACCCGCT	10	319	0.02446942
35	GGATCCCCCCC	11	318	0.024392713
35	GTTCCCCC	8	318	0.024392713
35	ACTCTTGC	8	317	0.024316007
35	ATTCGGC	7	317	0.024316007
35	AGTCCCC	7	316	0.0242393
35	GGGC	4	316	0.0242393
35	GCCCTCCCAC	10	315	0.024162594
35	GACCTCCC	8	315	0.024162594
35	GCCCGGGC	8	315	0.024162594
35	GGGGTTAGGGG	11	314	0.024085887
35	GGGTCCTC	8	314	0.024085887
35	GCTCCTGCTC	10	313	0.02400918
35	CCCCCAAC	8	313	0.02400918
35	GCTCAGTCCCC	11	311	0.023855767
35	CCTTACGCCT	10	311	0.023855767
35	ACCCTGGGTT	10	310	0.02377906
35	CCCTGCCT	8	310	0.02377906
35	GGGGGGT	7	309	0.023702354
35	CTCTGCCT	8	308	0.023625647
36	TGTGCCCT	8	308	0.023625647
35	AGAGAGGG	8	307	0.02354894
35	CCCCGGGT	8	306	0.023472234
35	CCTGGGGG	8	305	0.023395527
35	GCCTCAAA	8	305	0.023395527
35	GACTCGGGCCTC	12	304	0.02331882
35	GGCCCCTC	8	304	0.02331882
35	CACTGGGACTC	11	302	0.023165407
35	CTTACCGGC	9	302	0.023165407
35	GGCCGTCCCCTTC	13	301	0.0230887
35	CCCCTGGGGGGC	12	301	0.0230887
35	GGCCGC	6	300	0.023011994
35	ATCGCTACC	9	299	0.022935287
35	AGCCCC	6	299	0.022935287
35	GCCCCTGGCC	10	298	0.022858581
35	GGGACTCTT	9	298	0.022858581
35	GTGGGGCC	8	297	0.022781874
35	CCGCCC	6	296	0.022705167
35	CTTGGCCCC	9	295	0.022628461
35	AGGGTCCC	8	295	0.022628461
36	CGCCCT	6	295	0.022628461
35	CGTGT	5	294	0.022551754
35	CCCGGCTCGGCCTA	14	293	0.022475047
36	CACCGCT	7	293	0.022475047
35	CAGGGGGCT	9	291	0.022321634
36	CGCCCCCT	8	291	0.022321634
35	ACCCCCC	7	291	0.022321634
35	GAACCGC	7	290	0.022244927
35	GTCCCCCCC	9	289	0.022168221
35	CCCCGGAC	8	289	0.022168221
35	GTTCCCCT	8	289	0.022168221
35	AGGGGGC	7	289	0.022168221
35	GGCGGGC	7	289	0.022168221
35	GGGGAGT	7	288	0.022091514
36	CCCCT	5	287	0.022014807
35	GGCCTC	6	285	0.021861394
35	AAATCCCC	8	284	0.021784688
35	CCCTTGACTTG	11	283	0.021707981
36	CTAGGGGTT	9	283	0.021707981
35	AGGTCTT	7	283	0.021707981
35	GGGTTC	6	283	0.021707981
35	GCCCGGGCCC	10	282	0.021631274
35	AGGCAGAC	8	282	0.021631274
35	CCGGGCC	7	281	0.021554568
35	GGCTTGC	7	281	0.021554568
35	GAGCGT	6	281	0.021554568
35	GTTTGC	6	281	0.021554568
35	GACACCCT	8	279	0.021401154
36	CTGCCCTTT	9	278	0.021324448
35	GGAGGGGGGACTT	13	276	0.021171034
35	CCTGGCCC	8	275	0.021094328
35	GGGGGGG	7	275	0.021094328
36	CGGGACT	7	275	0.021094328
35	CCGGCCC	7	273	0.020940914
35	GGCTCCC	7	272	0.020864208
35	AGGCGCC	7	271	0.020787501
35	GGCCGCC	7	270	0.020710794
35	GGTGCC	6	268	0.020557381
35	GGTCCCAG	8	267	0.020480675
35	GCTCAGT	7	267	0.020480675
35	ACTCGCCT	8	266	0.020403968
35	AGACCCC	7	266	0.020403968
35	GCTTGGC	7	266	0.020403968
35	CCCCCT	6	266	0.020403968
35	GTGGCCT	7	265	0.020327261
35	GGGGCT	6	265	0.020327261
35	GGCCGTCCCCTTCC	14	263	0.020173848
35	GTCCC	5	263	0.020173848
35	GGGGGCACCC	10	262	0.020097141
35	GCTTGGGC	8	262	0.020097141
35	AGGGGCCC	8	261	0.020020435
35	ACCCGCCC	8	260	0.019943728
35	GCCTCC	6	260	0.019943728
35	GGGGGT	6	260	0.019943728
35	CACCCCC	7	259	0.019867021
35	GGGTCCC	7	259	0.019867021
36	TCGCGAT	7	256	0.019636901
35	CCCAAA	6	256	0.019636901
35	GCCTGGGACCCCT	13	255	0.019560195
35	GGTCGTTGACTC	12	255	0.019560195
35	GTTCCCTA	8	255	0.019560195
35	GGTTTGGGCACC	12	253	0.019406781
35	ACCCTCCGGT	10	253	0.019406781
35	AGTCCTTT	8	253	0.019406781
35	GCTGGCCC	8	253	0.019406781
35	CTGGGGG	7	253	0.019406781
35	GCCTGCCT	8	252	0.019330075
35	AAGCTTTT	8	251	0.019253368
35	AGCCGGGA	8	251	0.019253368
35	CCTTCCCC	8	251	0.019253368
36	CGGCCCCT	8	251	0.019253368
35	CTCGGCC	7	251	0.019253368
35	GGGGGGCC	8	250	0.019176662
35	CAGGGGA	7	250	0.019176662
35	GGCTCC	6	250	0.019176662
35	ACTTGGGGGTTCC	13	249	0.019099955
35	GGGGAGCTCGCTC	13	249	0.019099955
36	CCCCTGCT	8	249	0.019099955
35	AGGCCT	6	249	0.019099955
35	CTC	3	249	0.019099955
36	CTAACT	6	248	0.019023248
36	TCTTTCCCCT	10	247	0.018946542
35	GCCTGGGA	8	247	0.018946542
35	GTCCGGGC	8	247	0.018946542
35	GCCCTT	6	247	0.018946542
35	AGGGAAGAACGGCCC	15	246	0.018869835
35	GGCCTCGGGT	10	246	0.018869835
35	GTCTTCGC	8	246	0.018869835
35	ACGGGCC	7	246	0.018869835
35	GGGGGA	6	246	0.018869835
35	CCCCTC	6	245	0.018793128
35	AGGGGCCTCCT	11	244	0.018716422
35	GCCCCCGCCC	10	244	0.018716422
35	GCCAAGGC	8	244	0.018716422
35	GGGTTCTT	8	244	0.018716422
36	TTGAGGCT	8	244	0.018716422
36	AAGCCTT	7	244	0.018716422
35	GTGAGACT	8	242	0.018563008
35	GGCCCCTGGGT	11	241	0.018486302
35	GCCTGGGC	8	241	0.018486302
35	GGGGGCCT	8	241	0.018486302
35	GGGGGG	6	241	0.018486302
35	AGGGAAGCCT	10	240	0.018409595
35	GCTTCTGTCT	10	240	0.018409595
35	AGCCCCC	7	240	0.018409595
35	GGCCCGGGGTGGGC	14	239	0.018332888
35	ATCGCTACCC	10	239	0.018332888
35	CCCTCCCT	8	239	0.018332888
35	CGTCCTC	7	239	0.018332888
35	GGGAGCC	7	239	0.018332888
35	CCAGGGC	7	238	0.018256182
35	CTGGCC	6	238	0.018256182
35	CCGACTGAAGGGC	13	237	0.018179475
35	CCCGCCC	7	237	0.018179475
35	GGT	3	237	0.018179475
35	GCCCCCAGCCTC	12	236	0.018102768
35	AGACCTT	7	236	0.018102768
35	AGGGGAACCCCC	12	235	0.018026062
35	AGGGTGGTTC	10	234	0.017949355
35	AACCGCC	7	234	0.017949355
35	GAGGGCC	7	234	0.017949355
36	CCCGGCT	7	234	0.017949355
35	GGGCCTC	7	233	0.017872649
35	GCCT	4	233	0.017872649
35	AGGGCCCT	8	232	0.017795942
35	AGC	3	232	0.017795942
35	CCTCCCT	7	231	0.017719235
35	GGTTCCCA	8	230	0.017642529
35	GGCGGAGCCC	10	229	0.017565822
35	GGCTTTGGT	9	229	0.017565822
35	AAGGGTTC	8	229	0.017565822
36	TCCCCCCT	8	229	0.017565822
35	AGCCC	5	229	0.017565822
35	GCCCTTTTTCCA	12	228	0.017489115
35	AGGGCCCC	8	228	0.017489115
35	GCCCGGTT	8	228	0.017489115
35	AGGGGTC	7	228	0.017489115
35	CTCAACC	7	228	0.017489115
35	GAGCGTC	7	228	0.017489115
35	AGGACCCT	8	226	0.017335702
35	CCCGTTCT	8	226	0.017335702
35	GGCGCTC	7	226	0.017335702
36	CCCCCCT	7	226	0.017335702
36	CACCTGGTCACCTT	14	225	0.017258995
35	GACGCC	6	225	0.017258995
35	GATCCTTT	8	224	0.017182289
35	GCCCCTTC	8	224	0.017182289
35	GGCTTCCC	8	224	0.017182289
35	GGGGCGAG	8	224	0.017182289
35	GAGTCCC	7	224	0.017182289
35	GGCCGGT	7	224	0.017182289
35	GGCCGTCCT	9	223	0.017105582
35	GTCTCCCA	8	223	0.017105582
35	GGCGGC	6	223	0.017105582
35	GTCCCTGGGGC	11	222	0.017028875
35	GTTTCCCC	8	222	0.017028875
35	GCCGACCCCAGC	12	221	0.016952169
35	GCGGGCCC	8	221	0.016952169
35	AAGCCCTC	8	220	0.016875462
36	TCCCTT	6	220	0.016875462
36	TGGTCCCCGTTT	12	218	0.016722049
35	GGGCCTAC	8	218	0.016722049
35	GGGGGGGG	8	217	0.016645342
35	AGACCCT	7	217	0.016645342
35	GAGC	4	217	0.016645342
36	CGGGCCTTTTCTCT	14	216	0.016568636
36	TAGAGCTAGACT	12	216	0.016568636
35	AGACCTTC	8	216	0.016568636
35	GCCCGGGG	8	216	0.016568636
35	GCCTGACC	8	216	0.016568636
35	GTTTGGGC	8	216	0.016568636
35	AGAGGGC	7	216	0.016568636
36	CCGTCAGGGGT	11	215	0.016491929
35	AGGCCTCCCC	10	215	0.016491929
35	GCCTGGCT	8	215	0.016491929
35	GTTTAAAT	8	215	0.016491929
35	GGAGGGC	7	215	0.016491929
35	GGCTTCC	7	215	0.016491929
35	CTCCCC	6	215	0.016491929
35	GGGCCCCACCC	11	214	0.016415222
35	GGGGCGGC	8	214	0.016415222
35	CGACCTGCCC	10	213	0.016338516
35	CGGCCCGGTC	10	213	0.016338516
35	CGTCGGCT	8	213	0.016338516
35	CCTTTCC	7	213	0.016338516
35	ACTCAGGTAAGCCCC	15	212	0.016261809
36	CAGGAGCCCCCT	12	212	0.016261809
36	CGGAGCCCT	9	212	0.016261809
35	AGCCCCCT	8	212	0.016261809
35	GGCTCCCC	8	212	0.016261809
35	AGGGCTC	7	212	0.016261809
36	TTTCCCT	7	212	0.016261809
35	GTTTTCTAACGTC	13	211	0.016185102
35	CCCCCGC	7	211	0.016185102
36	TCT	3	211	0.016185102
35	AAGGGTCGGCTC	12	210	0.016108396
35	ATCCAGCGC	9	210	0.016108396
35	ACCCTGCT	8	209	0.016031689
35	GCATCAGG	8	209	0.016031689
35	GGCGGCCC	8	209	0.016031689
35	AGGGCTCC	8	208	0.015954982
35	AGGTCGCC	8	208	0.015954982
36	CTCCACCT	8	208	0.015954982
35	AGGCCTC	7	208	0.015954982
35	GGGGAC	6	208	0.015954982
35	GCTGGCCTCGTC	12	207	0.015878276
35	GGACCTCCTC	10	207	0.015878276
35	GAGGCCCC	8	207	0.015878276
35	GTTCCGGG	8	207	0.015878276
36	AGGGAT	6	207	0.015878276
35	ACCCC	5	207	0.015878276
35	GGTCC	5	207	0.015878276
35	GCTAGCCTC	9	206	0.015801569
35	AGTGGGTC	8	206	0.015801569
35	GGACGCCC	8	206	0.015801569
35	GGGAAGCC	8	206	0.015801569
35	GGGCGCCT	8	206	0.015801569
35	GTTCCCC	7	206	0.015801569
35	GCCGGGTCT	9	205	0.015724862
35	ACCCGCCT	8	205	0.015724862
35	AGGCTCT	7	205	0.015724862
35	GGGGCTT	7	205	0.015724862
35	GGTGCGG	7	205	0.015724862
35	GCTCCC	6	205	0.015724862
36	CGGGCT	6	205	0.015724862
35	AGGC	4	205	0.015724862
35	GACTTGGGCA	10	204	0.015648156
35	ACCCCCT	7	204	0.015648156
35	GGTGGCTTAGGGCT	14	203	0.015571449
35	GCCGGGTCCTT	11	203	0.015571449
35	GCCGGGGC	8	203	0.015571449
35	CTAGGGC	7	203	0.015571449
35	GGGTCT	6	203	0.015571449
35	AGACC	5	203	0.015571449
35	CTATGGGGTCCCT	13	202	0.015494743
35	ATGGTACCCC	10	202	0.015494743
35	AGTGCCCC	8	202	0.015494743
35	GGACCCCT	8	202	0.015494743
35	GGGTCATA	8	202	0.015494743
35	GGGTGACC	8	202	0.015494743
35	CCGACC	6	202	0.015494743
35	GTTCCC	6	202	0.015494743
35	GGGCGGCC	8	201	0.015418036
37	CCTTCGTG	8	201	0.015418036
35	GTTTGAAAAC	10	200	0.015341329
35	AGGAAGGCC	9	200	0.015341329
35	CCGAGGGC	8	200	0.015341329
35	GCTCCCCT	8	200	0.015341329
36	TTTCCCTT	8	200	0.015341329
35	ACCCGCC	7	200	0.015341329
35	GGGGAAC	7	200	0.015341329
35	GGGGGTT	7	200	0.015341329
35	GAGCC	5	200	0.015341329
35	GGCTAGGCT	9	199	0.015264623
35	CCCCCCCT	8	199	0.015264623
35	GGCCTTCC	8	199	0.015264623
36	TAGCTGAT	8	199	0.015264623
36	TCTTTT	6	199	0.015264623
35	ACCTT	5	199	0.015264623
35	GCCCCCCTTCGGGGC	15	198	0.015187916
35	ATCTCCCC	8	198	0.015187916
35	CGGGGCT	7	198	0.015187916
35	GGGAC	5	198	0.015187916
35	GTTTCC	6	197	0.015111209
35	GGCGCTCTCCC	11	196	0.015034503
35	CCCCGCT	7	196	0.015034503
35	CAGCTT	6	196	0.015034503
35	ACCCGCTTCC	10	195	0.014957796
35	CGCTCCC	7	195	0.014957796
37	CCGGCTG	7	195	0.014957796
35	GGGGCCGGTCCC	12	194	0.014881089
35	GGCCTGGCT	9	194	0.014881089
35	CCTCCC	6	194	0.014881089
35	AAACACTGAGAC	12	193	0.014804383
35	CTGCCTACCC	10	193	0.014804383
35	GCCCGAGC	8	193	0.014804383
35	GGGCCCTT	8	193	0.014804383
36	TCATCAGACT	10	192	0.014727676
35	GGCCTGACC	9	192	0.014727676
35	ACCCCCTT	8	191	0.014650969
35	GAACCCCC	8	191	0.014650969
37	TG	2	191	0.014650969
35	GGGAGCCT	8	190	0.014574263
35	CCCCTTT	7	190	0.014574263
35	GTGCCCT	7	190	0.014574263
35	CTGGGC	6	190	0.014574263
35	GGGCTT	6	190	0.014574263
35	ACCC	4	190	0.014574263
35	GCCTTTTGATC	11	189	0.014497556
35	ACTCCCC	7	189	0.014497556
35	GAACCCC	7	189	0.014497556
35	GGCCCTC	7	189	0.014497556
35	AGGTCC	6	189	0.014497556
35	GTCC	4	189	0.014497556
36	AT	2	189	0.014497556
35	CCGGGCCC	8	188	0.014420849
35	GATCCTTC	8	188	0.014420849
35	CCCCTCC	7	188	0.014420849
36	CGGCTT	6	188	0.014420849
35	CTTTTCTGACTC	12	187	0.014344143
35	CCTGGCAGAAC	11	187	0.014344143
35	CTACCCCC	8	187	0.014344143
36	TCCCCCT	7	187	0.014344143
35	GCCCGGG	7	186	0.014267436
35	AGGGC	5	186	0.014267436
35	GCAGCCCCCGGGGC	14	185	0.01419073
35	AGGCTCGAGAC	11	185	0.01419073
35	GGGTGTCCCC	10	185	0.01419073
35	GGTGCGTGCT	10	185	0.01419073
35	CTGGCGA	7	185	0.01419073
36	CGGGCCT	7	185	0.01419073
35	CTCGGGGGGCC	11	184	0.014114023
35	ACCGGGCCC	9	184	0.014114023
35	CCAGGGGG	8	184	0.014114023
36	CTCTAACT	8	184	0.014114023
36	CTTAGGCT	8	184	0.014114023
35	CGCCCCC	7	184	0.014114023
35	GGGAGC	6	184	0.014114023
35	GCCTGGGG	8	183	0.014037316
35	GGGGACCC	8	183	0.014037316
35	GATTCCTTCTAACCC	15	182	0.01396061
35	GGAAGGGCC	9	182	0.01396061
35	ATGGGCC	7	182	0.01396061
35	GCCCCCA	7	182	0.01396061
35	GTCCCCC	7	182	0.01396061
39	CCTTGAG	7	182	0.01396061
35	ACCGCC	6	182	0.01396061
