35	CC	2	54893	5.259416178
35	CT	2	22819	2.186337379
35	GC	2	13026	1.248049025
35	GT	2	12300	1.178489407
35	GG	2	9191	0.880609442
36	CT	2	7859	0.752987662
36	T	1	7665	0.734400106
36	TT	2	7035	0.674038453
35	G	1	6175	0.591640007
35	C	1	6035	0.578226306
35	GCC	3	5170	0.495348799
35	GA	2	4771	0.457119753
35	CG	2	2988	0.286286695
35	GGGCC	5	2838	0.271914873
35	CCC	3	2772	0.265591271
35	AGGCCCC	7	2754	0.263866652
35	AC	2	2596	0.248728333
36	CCAAGCTT	8	2578	0.247003715
36	TAGAGACT	8	2550	0.244320975
36	AGTGGTCT	8	2164	0.207337486
35	CTGGCCC	7	2013	0.192869852
35	A	1	1945	0.186354626
35	CCTCAACC	8	1914	0.183384449
35	CA	2	1761	0.168725191
36	CCT	3	1643	0.157419357
35	CTTGGGA	7	1639	0.157036109
35	GTTGGGAT	8	1632	0.156365424
35	GGGCCC	6	1604	0.153682684
35	AGAC	4	1600	0.153299435
35	AG	2	1588	0.152149689
35	AGGCAACT	8	1551	0.14860464
36	TGCCATAT	8	1546	0.148125579
35	GGGGCC	6	1501	0.143814032
35	GGC	3	1466	0.140460607
35	AT	2	1417	0.135765812
35	GCTGGC	6	1415	0.135574188
35	GCCCCGGC	8	1314	0.125897161
35	AGGAGGTT	8	1312	0.125705537
35	AGGGCC	6	1297	0.124268354
35	ACTCAGATC	9	1283	0.122926984
35	GGAAGCC	7	1235	0.118328001
35	CCT	3	1143	0.109513284
35	CCTTCAGG	8	1138	0.109034223
35	CCTCCCT	7	1138	0.109034223
35	CGTCGACC	8	1134	0.108650975
36	TAGACT	6	1126	0.107884477
36	TCGCCTT	7	1116	0.106926356
35	GTTTCCGC	8	1115	0.106830544
35	GGGAGGCC	8	1095	0.104914301
35	GCCCAGG	7	1092	0.104626864
35	ACCCTCGGAT	10	1078	0.103285494
35	GGCAGGC	7	1063	0.101848312
35	AGAGCACGAGAC	12	1060	0.101560876
35	AGGTTGGA	8	1058	0.101369251
35	CTCTGCCT	8	1021	0.097824202
36	CTAGGGGTT	9	1017	0.097440953
35	GGCTCGGC	8	1005	0.096291208
35	ACAGAGCCCAGGCCC	15	1003	0.096099583
35	GGGTTGGC	8	998	0.095620523
35	GGCCC	5	990	0.094854025
35	AAACACCGAGAC	12	987	0.094566589
36	CCCTGGGT	8	975	0.093416843
35	GGCC	4	965	0.092458722
35	CCTCGGCC	8	955	0.0915006
35	GATCGGGA	8	950	0.09102154
35	CCTCCCC	7	942	0.090255042
35	ACGCTCCT	8	940	0.090063418
35	CCCCTGTT	8	932	0.089296921
36	TCTGACAT	8	927	0.08881786
35	GAC	3	921	0.088242987
35	GACCGCCC	8	908	0.086997429
35	GTCTCCGGT	9	906	0.086805805
35	CTGACCCCTT	10	876	0.083931441
36	TAGAGCT	7	876	0.083931441
35	GGGCCT	6	875	0.083835629
35	GACCCGGCCCCT	12	872	0.083548192
35	AGCACGAC	8	838	0.080290579
35	GTTGCC	6	828	0.079332458
35	GGAGGGCT	8	819	0.078470148
35	GTCCCGAAGGC	11	802	0.076841342
35	CCCGGCCT	8	802	0.076841342
36	CAGAGTT	7	794	0.076074845
35	CGGTACT	7	780	0.074733475
35	AGGGGGGTCG	10	770	0.073775353
35	AGGGGACT	8	758	0.072625607
35	AGGGACCC	8	755	0.072338171
35	ACTGGGCC	8	754	0.072242359
35	GTTGCTC	7	751	0.071954922
35	GCCC	4	751	0.071954922
35	GCCCC	5	744	0.071284237
35	GGGGGGGC	8	735	0.070421928
35	CCGTTCAA	8	734	0.070326116
35	GGCCGT	6	734	0.070326116
35	GACCCC	6	732	0.070134492
35	CTCCTCTTGGC	11	731	0.070038679
35	GGGCCCT	7	729	0.069847055
35	AGGCCC	6	728	0.069751243
35	GCCCCC	6	721	0.069080558
35	GCCCGCCC	8	717	0.068697309
36	ACGGCCT	7	717	0.068697309
35	GCT	3	717	0.068697309
35	GAAACTGGCCC	11	708	0.067835
35	AGGCCGCT	8	703	0.067355939
35	GGAAGGTT	8	703	0.067355939
35	GGACCCC	7	703	0.067355939
35	GGCCGGGC	8	702	0.067260127
35	CCTCGGC	7	696	0.066685254
35	GCTGCC	6	692	0.066302006
35	ATCGCT	6	690	0.066110381
36	TTCCCT	6	690	0.066110381
36	CGCTCT	6	689	0.066014569
35	AGGCC	5	681	0.065248072
35	CCCCCCC	7	673	0.064481575
35	ACCCCCTT	8	670	0.064194138
35	GGACCCT	7	662	0.063427641
36	CCCCT	5	661	0.063331829
35	GTTCGGCT	8	656	0.062852768
36	CTGGAAT	7	648	0.062086271
35	CCCCCCCC	8	637	0.061032338
35	GGGGCCC	7	636	0.060936525
36	CCCCCT	6	633	0.060649089
36	CACCGCT	7	632	0.060553277
35	GGGCCCC	7	628	0.060170028
35	GTCCCC	6	626	0.059978404
35	GAGGGCC	7	625	0.059882592
35	GCCCCGCGTT	10	623	0.059690968
35	GGCTAGGCC	9	622	0.059595155
36	CCCTGTT	7	620	0.059403531
36	TCCGGCCT	8	618	0.059211907
35	GGCCCC	6	618	0.059211907
35	GCGTTGGGGGCC	12	617	0.059116095
35	AGGCAGAC	8	617	0.059116095
36	CTTACCCT	8	616	0.059020282
35	GGGCGTCC	8	609	0.058349597
36	AGTGGTCGTT	10	608	0.058253785
35	CCCCTGTTTAAGC	13	604	0.057870537
35	AGGGCCTT	8	600	0.057487288
35	ACTTGGTCC	9	596	0.05710404
35	GGG	3	592	0.056720791
35	GTC	3	591	0.056624979
35	GCCGCGT	7	589	0.056433355
35	ACC	3	588	0.056337542
35	CCCCC	5	586	0.056145918
36	CCTCGGACCGGGCGT	15	580	0.055571045
35	AGACTGAGCTAGC	13	578	0.055379421
35	GGGGC	5	578	0.055379421
35	GGGCTCGGGGAC	12	574	0.054996172
35	AGGAAAAA	8	571	0.054708736
35	GTCAGTC	7	569	0.054517112
35	AGGGGT	6	569	0.054517112
35	GAAGGAAA	8	568	0.054421299
35	AGGTGCGC	8	559	0.05355899
35	CGGTTGGAAC	10	558	0.053463178
35	CGACCTGCCC	10	555	0.053175742
35	CGCCCCGCG	9	554	0.053079929
35	GGGTGCCT	8	549	0.052600869
35	CCCTGGC	7	547	0.052409244
35	GAGCGT	6	545	0.05221762
35	CCCTCTGG	8	540	0.051738559
35	GACCC	5	540	0.051738559
35	GCTCCAAA	8	538	0.051546935
35	GTCCCCCT	8	537	0.051451123
35	AA	2	534	0.051163686
35	AGGGGGCC	8	533	0.051067874
35	GCGGGC	6	531	0.05087625
35	GCACGG	6	529	0.050684626
35	AGGGGCGGGA	10	526	0.050397189
36	CCAAGGAGCAAT	12	525	0.050301377
35	ACTCCTCCCC	10	525	0.050301377
36	CTT	3	523	0.050109753
36	TTTCCTAT	8	522	0.050013941
35	GCCGCCCT	8	521	0.049918129
35	GCCCTCCCACGGCC	14	520	0.049822316
35	GGCCGGCC	8	514	0.049247443
35	CCCAAGC	7	513	0.049151631
36	TGGCCTT	7	513	0.049151631
35	GCCATTCC	8	510	0.048864195
35	GGCCTCCC	8	510	0.048864195
35	AGGGCCA	7	503	0.04819351
35	GGGGGCC	7	503	0.04819351
35	GAGAGCC	7	498	0.047714449
35	GCCCCCCC	8	497	0.047618637
35	AACTCAGCC	9	496	0.047522825
35	GTGCCCC	7	490	0.046947952
35	CACCCGCC	8	487	0.046660516
35	AGCCCC	6	487	0.046660516
35	AGGGCCC	7	485	0.046468891
35	CTAACCT	7	481	0.046085643
35	CCCC	4	481	0.046085643
36	AACTGAAGCGTAACT	15	480	0.04598983
35	GCCTTTGGTCCTT	13	475	0.04551077
36	CCTGGCCT	8	475	0.04551077
35	ACCCCC	6	475	0.04551077
36	AGTGGTCGTGGT	12	472	0.045223333
35	GATGGAAC	8	472	0.045223333
36	CCCGCCCT	8	472	0.045223333
35	AGCTCCGGTGCCC	13	469	0.044935897
35	GGCCCCGG	8	465	0.044552648
35	GGCCTCCG	8	464	0.044456836
35	GCCGAAAAGC	10	463	0.044361024
35	CCCTCT	6	462	0.044265212
35	CAGGGGGCT	9	460	0.044073588
35	GGCGGTTG	8	460	0.044073588
35	CGAGGGCC	8	455	0.043594527
35	AACCTCTC	8	453	0.043402903
35	CCGAAGGG	8	452	0.04330709
36	CTTGGGAT	8	450	0.043115466
35	GACCCTAC	8	449	0.043019654
35	GCCGGAGG	8	449	0.043019654
35	GTACCTCTAC	10	448	0.042923842
36	CCAGCT	6	448	0.042923842
35	GGTTAGGGCCT	11	446	0.042732218
35	CCCCTAGGTTCGGGT	15	445	0.042636405
35	GGCGGGC	7	445	0.042636405
35	GGTCGTGACC	10	444	0.042540593
36	CGTTTCCT	8	444	0.042540593
36	CCCCCCCT	8	442	0.042348969
35	AGGGTCCC	8	440	0.042157345
35	GGTCCCC	7	439	0.042061532
35	CTAAGGGATACT	12	438	0.04196572
35	GGCTCC	6	438	0.04196572
35	AAAGGAT	7	436	0.041774096
35	ACCTGGGCC	9	432	0.041390847
35	GCCTGGGC	8	430	0.041199223
35	GTTTTCTAAC	10	429	0.041103411
35	ACCCTGGGT	9	426	0.040815975
35	GCCCCGGA	8	425	0.040720162
36	TCATCTT	7	425	0.040720162
35	AGGCCCT	7	423	0.040528538
35	ACCCCT	6	423	0.040528538
35	ACCCC	5	420	0.040241102
35	ACCCTGGC	8	419	0.04014529
35	GCCCCTGC	8	417	0.039953665
35	GCTCCCCT	8	417	0.039953665
35	GGTCCCAG	8	416	0.039857853
35	GGCTAGGGC	9	415	0.039762041
35	GTTCGGTCT	9	414	0.039666229
35	CCCTTGACTTG	11	412	0.039474605
35	AGGGGC	6	408	0.039091356
35	ACCCCCCT	8	406	0.038899732
36	AGGGTT	6	405	0.038803919
36	CCGAGGGGGCCT	12	403	0.038612295
36	CGCAAGGT	8	402	0.038516483
35	GGGTCC	6	402	0.038516483
36	ACCCTT	6	402	0.038516483
35	CCTAAGGA	8	401	0.038420671
35	AGGTGAAG	8	399	0.038229047
35	GCCT	4	399	0.038229047
35	CTGCCTA	7	397	0.038037422
35	AGAGGTGGCC	10	396	0.03794161
35	GGTTGGCC	8	396	0.03794161
36	TCCCCT	6	394	0.037749986
35	CTT	3	394	0.037749986
36	AATTACTT	8	392	0.037558362
35	ACTTCCTGGGAGC	13	389	0.037270925
35	AGGGGCCT	8	389	0.037270925
35	GCCATCCA	8	389	0.037270925
35	GTGCCCT	7	389	0.037270925
35	GGCCTCGC	8	388	0.037175113
35	GCCCGGC	7	387	0.037079301
35	ACTAGGC	7	386	0.036983489
35	AGGGGCC	7	386	0.036983489
35	AGGGCTC	7	385	0.036887677
36	TTCCCCT	7	384	0.036791864
35	CGGGAGGT	8	381	0.036504428
35	GGGGT	5	381	0.036504428
35	GGGGCCT	7	380	0.036408616
35	CTCTGACC	8	379	0.036312804
35	GCCCCT	6	379	0.036312804
35	GGGC	4	379	0.036312804
36	TTT	3	378	0.036216992
36	TGGGCTT	7	377	0.036121179
35	GACCGGT	7	375	0.035929555
35	ACCCTGCT	8	373	0.035737931
35	ACTCGCCT	8	371	0.035546306
35	CCAAGCCTCAGCT	13	368	0.03525887
35	GGGCCTCGGGCT	12	368	0.03525887
35	ATTTCCCT	8	367	0.035163058
35	CGTCGGGA	8	366	0.035067246
35	CTATGGGGTCCCT	13	365	0.034971434
35	GTCCCCCC	8	365	0.034971434
35	GGTGGCTTAGGGCT	14	364	0.034875621
35	GATCCTTC	8	364	0.034875621
35	AGGAAGGCC	9	363	0.034779809
35	AGGGTCC	7	362	0.034683997
36	AGCAGGGT	8	361	0.034588185
35	AGGGGCT	7	361	0.034588185
36	CAGGAGCCCCCT	12	360	0.034492373
35	GTCCCCCCC	9	360	0.034492373
35	CGGCGCC	7	359	0.034396561
35	GGGGGGC	7	358	0.034300749
35	GGGGTAGGCC	10	357	0.034204936
35	GGCGCCC	7	357	0.034204936
35	GGCCCGTTCGGCC	13	356	0.034109124
35	CCGGGCG	7	356	0.034109124
35	CCCCCGCC	8	355	0.034013312
35	GGGGGGT	7	355	0.034013312
35	CTTAGCC	7	354	0.0339175
35	GCCCT	5	352	0.033725876
35	CCTTCCCC	8	351	0.033630064
35	GCCTAGGTAACT	12	350	0.033534251
35	CCCTTCCC	8	350	0.033534251
35	CCTTCAGT	8	350	0.033534251
35	GCAATCCC	8	348	0.033342627
35	GCCTCAAA	8	348	0.033342627
35	GGCCGGGTC	9	346	0.033151003
35	GGTCCCGGCC	10	345	0.033055191
36	CTCCACCT	8	345	0.033055191
35	AGGGGAC	7	345	0.033055191
35	CCCCGT	6	345	0.033055191
35	GGTCCCCT	8	343	0.032863566
35	AGGTCCC	7	343	0.032863566
36	TCGGCCT	7	343	0.032863566
35	CCCCCC	6	343	0.032863566
36	CCTCACCT	8	342	0.032767754
35	CACCCCC	7	341	0.032671942
35	AGG	3	341	0.032671942
35	CCCCCTCGACC	11	340	0.03257613
35	GGGGGC	6	340	0.03257613
36	AT	2	339	0.032480318
35	CGGCCCGGTC	10	338	0.032384506
35	GACCGCCCT	9	338	0.032384506
36	CCCT	4	338	0.032384506
35	GGACGACTTC	10	337	0.032288693
35	GCCCCTCC	8	337	0.032288693
35	GGTGGCCC	8	336	0.032192881
35	GCCCGTCC	8	335	0.032097069
36	TGGCTTCT	8	335	0.032097069
36	TCGGGCT	7	331	0.031713821
36	TGGCTTAT	8	330	0.031618008
36	TGGGCATT	8	330	0.031618008
36	CTAACT	6	330	0.031618008
35	GGGCCCCC	8	329	0.031522196
35	AAGGGGGC	8	327	0.031330572
35	ACCGGCC	7	327	0.031330572
35	GGTCCCT	7	327	0.031330572
35	GGGCCA	6	327	0.031330572
35	AGGGTGGTTC	10	326	0.03123476
35	GGCTTTGGT	9	325	0.031138948
35	CCAGGGGC	8	324	0.031043136
35	GAACGCC	7	324	0.031043136
36	CCTCGTCTTCAT	12	322	0.030851511
35	GTTTCCCC	8	322	0.030851511
35	CGGCGAAC	8	320	0.030659887
35	GAGGGGCC	8	320	0.030659887
35	AGCCCCC	7	320	0.030659887
35	CCTCCC	6	320	0.030659887
35	CCTTACG	7	319	0.030564075
35	GTTCGCC	7	319	0.030564075
35	GCCTGT	6	319	0.030564075
35	AGGCACC	7	318	0.030468263
36	TTCGGGCT	8	317	0.030372451
35	GGTAGGG	7	317	0.030372451
35	GGAAGGCGGC	10	315	0.030180826
35	GCAGTGCCC	9	315	0.030180826
35	GTCC	4	315	0.030180826
35	GTTCCCCC	8	312	0.02989339
35	GTT	3	312	0.02989339
35	GCCCGGCC	8	307	0.029414329
35	AGGGCCT	7	307	0.029414329
36	TAGAGCTAGACT	12	306	0.029318517
35	CGTCGGCCTC	10	306	0.029318517
35	ATCCAGCG	8	306	0.029318517
35	CGCCCGTC	8	306	0.029318517
35	ACGCGCT	7	306	0.029318517
36	CCCTT	5	305	0.029222705
35	CCCCCT	6	303	0.029031081
35	GCCCCCC	7	302	0.028935268
35	GCCCCTCAAC	10	301	0.028839456
35	GAACCGC	7	301	0.028839456
35	GGCTAGAGC	9	300	0.028743644
36	ACCGGCTT	8	300	0.028743644
35	GCCCCCA	7	297	0.028456208
35	GGTCCC	6	297	0.028456208
35	CCTTACGAC	9	296	0.028360395
35	ATCTGGCC	8	296	0.028360395
36	CGGTCGCCCT	10	295	0.028264583
35	GCCTCGCCC	9	295	0.028264583
36	CCCGGGGT	8	295	0.028264583
35	GGAGGCC	7	294	0.028168771
35	CCCTCCCCCC	10	293	0.028072959
35	GTATTCAA	8	291	0.027881335
35	ACCCTGGGTT	10	290	0.027785523
35	GGCGTCC	7	289	0.02768971
35	GTCCC	5	289	0.02768971
35	CTC	3	288	0.027593898
35	ACCCCCGA	8	287	0.027498086
35	CCCCT	5	287	0.027498086
35	ACCCTCGCCC	10	286	0.027402274
35	GAAAGGGCCC	10	286	0.027402274
35	CTGCACGC	8	286	0.027402274
35	GGGGGA	6	286	0.027402274
35	GTGAGACCCC	10	285	0.027306462
35	AGGACCCC	8	285	0.027306462
35	GTGGCCT	7	284	0.02721065
36	CGGCTT	6	283	0.027114838
35	GGGGCT	6	282	0.027019025
36	TTGGGGTCT	9	281	0.026923213
35	GTGTTAGG	8	281	0.026923213
35	GGCCGTCCT	9	279	0.026731589
35	AGGGCCCC	8	279	0.026731589
35	CCCCGCCC	8	279	0.026731589
35	GCCGTCCC	8	278	0.026635777
35	GGGGACC	7	277	0.026539965
35	GCCTTCGAGCCCC	13	276	0.026444153
35	AGGGCCAGGGA	11	276	0.026444153
35	GGCCCCCG	8	276	0.026444153
35	AGGCGGGGAGC	11	274	0.026252528
35	GCCTGGGT	8	273	0.026156716
35	GTCCCT	6	273	0.026156716
35	CCCGACTGGGCGACT	15	272	0.026060904
35	GGTTAGTGCC	10	272	0.026060904
35	GGCAAAAC	8	272	0.026060904
35	CGG	3	272	0.026060904
35	GGCTTACAAC	10	269	0.025773468
35	GGGGAGT	7	269	0.025773468
35	AGC	3	269	0.025773468
35	AGGGC	5	268	0.025677655
36	CAACCGCT	8	267	0.025581843
35	CCGGCC	6	267	0.025581843
35	CCCGTTCT	8	266	0.025486031
35	CCTTGACC	8	266	0.025486031
35	GCCTCC	6	266	0.025486031
35	AGGCCGGGGAGCCT	14	265	0.025390219
35	GTTCAGTCTC	10	265	0.025390219
35	GCTCAGT	7	265	0.025390219
35	GGGCCTC	7	265	0.025390219
35	ACTTGGGGGTTCC	13	264	0.025294407
35	GCCCGCC	7	264	0.025294407
36	CGGGCT	6	264	0.025294407
35	GCCTCGCC	8	263	0.025198595
35	ACCCGCCT	8	262	0.025102782
35	ACTCGTCT	8	262	0.025102782
35	GCCTAGGT	8	261	0.02500697
35	GCTTCATC	8	260	0.024911158
36	TCCGGCT	7	260	0.024911158
35	GGCTTGCC	8	259	0.024815346
36	TCCT	4	259	0.024815346
35	GCGGATTAGT	10	258	0.024719534
36	CGTCCCTT	8	258	0.024719534
35	AGCCGGGA	8	257	0.024623722
36	CTGGTGCT	8	257	0.024623722
35	GGCCCCC	7	257	0.024623722
35	GGGGTCC	7	257	0.024623722
35	GGTCC	5	257	0.024623722
35	GGACTTCT	8	256	0.02452791
35	CGCCC	5	256	0.02452791
35	CCTTACGCCT	10	255	0.024432097
35	GTGTTAGAGC	10	255	0.024432097
35	GCCCGGCCC	9	254	0.024336285
36	CACCTCGT	8	254	0.024336285
35	CTCCCTAGCT	10	253	0.024240473
35	ATTCGGC	7	253	0.024240473
35	CTCCCC	6	252	0.024144661
35	GCCTTTTC	8	251	0.024048849
35	CGCCAAGAGCCC	12	249	0.023857225
35	ACTATTTC	8	249	0.023857225
35	GGAGCC	6	249	0.023857225
35	GGCCCT	6	249	0.023857225
35	GCGGCC	6	248	0.023761412
36	CTGGTT	6	248	0.023761412
36	CTTGGGCT	8	247	0.0236656
35	CTCGGT	6	247	0.0236656
36	CCTGCCGGTTCT	12	246	0.023569788
35	GCCTGCAC	8	246	0.023569788
35	GGCGACCC	8	246	0.023569788
35	GACACCCGTGGCTC	14	245	0.023473976
36	CGGGACT	7	245	0.023473976
35	GCCGCC	6	245	0.023473976
35	ACCC	4	245	0.023473976
35	GCCCCCCT	8	244	0.023378164
35	GCCCTCAA	8	244	0.023378164
36	CCCAAGTT	8	244	0.023378164
35	CGTCCTC	7	244	0.023378164
35	GGACC	5	244	0.023378164
35	CCGGGCCC	8	243	0.023282352
35	GTTCTCGG	8	243	0.023282352
35	CCAGGGC	7	243	0.023282352
35	GAGGGC	6	242	0.02318654
35	GTTGAGGAC	9	241	0.023090727
35	GTCCCCC	7	241	0.023090727
35	GGCGGC	6	241	0.023090727
35	GGCGGATAG	9	240	0.022994915
35	AGGAGGAC	8	240	0.022994915
36	TCTCGGCCCT	10	239	0.022899103
35	CCCTGCCT	8	239	0.022899103
35	GGGGACCT	8	239	0.022899103
35	GGGCCCCT	8	238	0.022803291
35	GGGGTC	6	238	0.022803291
35	CCTGTTTGGACC	12	237	0.022707479
35	GCGCCTCGAAC	11	237	0.022707479
36	CCCGTGCT	8	237	0.022707479
36	TTCTCCCT	8	237	0.022707479
35	CCTCC	5	237	0.022707479
36	AGCCT	5	237	0.022707479
35	GCCCCTCACTAGT	13	236	0.022611667
35	CCTTCCC	7	236	0.022611667
35	AAACACTGAGAC	12	235	0.022515855
35	AGCCCCAGGCTC	12	235	0.022515855
35	ACCGCTGACC	10	235	0.022515855
35	CTGGGC	6	234	0.022420042
35	GGGGAC	6	233	0.02232423
35	GGCCCCT	7	232	0.022228418
35	GCCCACACCTCGGGG	15	231	0.022132606
35	GCCCTTTTTCCA	12	231	0.022132606
35	GTGGGGCC	8	231	0.022132606
35	GACCCCC	7	231	0.022132606
35	CCTGGCCC	8	230	0.022036794
35	CCCCGGTCCTC	11	228	0.021845169
35	ACCCAAAA	8	228	0.021845169
35	GGGCGCGA	8	228	0.021845169
35	CCCCGTT	7	228	0.021845169
36	CACCTCT	7	228	0.021845169
35	CCTTTT	6	228	0.021845169
36	TCCCT	5	228	0.021845169
35	GCCTAGGC	8	227	0.021749357
35	GGCTCCC	7	227	0.021749357
36	TCGGCAT	7	227	0.021749357
35	GGGGTTAGGGG	11	226	0.021653545
35	ACTTGCC	7	226	0.021653545
36	TA	2	226	0.021653545
35	ATCCAGCCCC	10	225	0.021557733
36	TCT	3	225	0.021557733
35	CCTTCCTT	8	224	0.021461921
35	ACCCTGGG	8	223	0.021366109
36	CCCGCCT	7	223	0.021366109
35	GACCGG	6	223	0.021366109
35	CTTACCGGC	9	222	0.021270297
35	GCCTGGC	7	222	0.021270297
35	GGGAGGAGGACT	12	221	0.021174484
35	GCCCGGGC	8	221	0.021174484
35	AGGC	4	221	0.021174484
35	CCTCGGT	7	220	0.021078672
36	AGGGCT	6	220	0.021078672
35	GGACATAGGGGCCC	14	219	0.02098286
36	CAGGAGGGCCT	11	219	0.02098286
35	ACCTCCCT	8	219	0.02098286
35	AGGTAGAC	8	219	0.02098286
35	CTCTAAC	7	219	0.02098286
36	AACCCCT	7	219	0.02098286
35	CCCCGGTC	8	218	0.020887048
36	TTGAGGCT	8	218	0.020887048
35	GAGGCC	6	218	0.020887048
35	GCGCCCT	7	217	0.020791236
36	CCCTCCT	7	217	0.020791236
35	CCCAGGGC	8	216	0.020695424
36	CCTGGCTT	8	216	0.020695424
35	AGACTGAGAC	10	215	0.020599612
35	CCGGGCC	7	215	0.020599612
35	CCCCCCCCCAACTC	14	214	0.020503799
35	GACTCGGGCCTC	12	214	0.020503799
35	GCCCCTTG	8	214	0.020503799
35	GGGGGAA	7	214	0.020503799
35	CCCTTGCC	8	213	0.020407987
35	GACCGC	6	213	0.020407987
35	AAGAACGGCC	10	212	0.020312175
35	GGGCCGCCCT	10	212	0.020312175
35	AAGTCTGG	8	212	0.020312175
36	CGCTCTCT	8	212	0.020312175
35	GGGTCCC	7	212	0.020312175
35	CACCCAAGCCC	11	211	0.020216363
35	ACCTTCCC	8	211	0.020216363
35	AGGCACCC	8	211	0.020216363
35	GACC	4	211	0.020216363
36	AGGGCCCT	8	210	0.020120551
35	AGGGGGG	7	209	0.020024739
35	GGAGCCC	7	209	0.020024739
35	AGCCGAACCT	10	208	0.019928927
35	CTTGCCCC	8	208	0.019928927
35	ATCGGT	6	208	0.019928927
35	ATT	3	208	0.019928927
35	AGGGACCCT	9	207	0.019833114
35	ACCCCCCC	8	207	0.019833114
35	CTGCCCCC	8	207	0.019833114
35	GGCTAGGGGACT	12	206	0.019737302
35	GTCTTCGC	8	206	0.019737302
36	ACCCT	5	206	0.019737302
35	ACCTAATGGAT	11	205	0.01964149
35	GCCCTCCCAC	10	205	0.01964149
35	AAAGTACTTTTCG	13	204	0.019545678
35	AGGGGGCCCC	10	204	0.019545678
35	ATCTTTAT	8	204	0.019545678
35	GTTCCGGG	8	204	0.019545678
36	CCCCCCT	7	204	0.019545678
35	GGCCT	5	204	0.019545678
35	GCCCCCGCCC	10	203	0.019449866
35	GGACTAC	7	203	0.019449866
35	GGGAGCC	7	203	0.019449866
35	AGGGGG	6	203	0.019449866
35	GGGGGG	6	203	0.019449866
35	GGT	3	203	0.019449866
35	AAGGGACATCGGGCC	15	202	0.019354054
35	ATTCCCACCGGACC	14	202	0.019354054
35	GGGGAGCTCGCTC	13	202	0.019354054
36	CCGTCAGGGGT	11	202	0.019354054
35	GACCTCCC	8	201	0.019258242
35	GGACCC	6	201	0.019258242
35	AGCTAGTCTCG	11	200	0.019162429
35	ATCTCCCC	8	200	0.019162429
35	CCCCACCC	8	200	0.019162429
35	CCTGGGACCC	10	199	0.019066617
35	AGGGG	5	199	0.019066617
35	GTCTTTTTTC	10	198	0.018970805
35	CCTTGCTT	8	198	0.018970805
36	ACGTT	5	198	0.018970805
35	GTCACCCGCT	10	197	0.018874993
35	ACCCTCC	7	197	0.018874993
35	GTCCGGC	7	197	0.018874993
35	CCGCCC	6	197	0.018874993
35	GCACGGCG	8	196	0.018779181
35	GGCGTCGG	8	196	0.018779181
35	CCAGGCC	7	196	0.018779181
35	GCTTCACGGCCAA	13	195	0.018683369
35	CGACCTGCCCTC	12	195	0.018683369
35	AGATAGGCC	9	195	0.018683369
35	AGAAAGAC	8	195	0.018683369
35	GTTCCCC	7	195	0.018683369
35	GGCT	4	195	0.018683369
35	CGAGTTCATCCT	12	194	0.018587556
35	AACCTTCT	8	194	0.018587556
35	AGGAGCCC	8	193	0.018491744
35	CCCCTGTTACG	11	192	0.018395932
35	CTTCCTCA	8	192	0.018395932
35	GCCCGAAC	8	192	0.018395932
36	CTGCCCCT	8	192	0.018395932
35	GCGGCCC	7	192	0.018395932
35	GGGAC	5	192	0.018395932
35	GGAC	4	192	0.018395932
35	GGACTAGGGA	10	191	0.01830012
35	GCCCTCCC	8	191	0.01830012
35	GCCTTCCC	8	191	0.01830012
35	ACCGCC	6	191	0.01830012
35	AACGGACC	8	190	0.018204308
35	ATGAACCT	8	190	0.018204308
35	CTAGCCCT	8	190	0.018204308
35	GTCGGAC	7	190	0.018204308
36	CCAGTCT	7	190	0.018204308
35	CCTGTTCTAAC	11	189	0.018108496
35	GGGGGT	6	189	0.018108496
36	TTTCCCCCCCCT	12	188	0.018012684
35	AGGGGTCC	8	188	0.018012684
36	TGCACCTT	8	187	0.017916871
35	GTTCCC	6	187	0.017916871
35	GGGGCGGCCAT	11	186	0.017821059
35	GACCCGCT	8	186	0.017821059
35	AGGCCCG	7	186	0.017821059
35	CTTTGT	6	186	0.017821059
35	GCCCTC	6	186	0.017821059
35	GGTGCC	6	186	0.017821059
35	AGTCCTTT	8	185	0.017725247
35	GCCCGCCT	8	185	0.017725247
36	TGAGTCT	7	185	0.017725247
35	GGGACC	6	185	0.017725247
35	ACCGCCCC	8	184	0.017629435
35	GGCGGGGA	8	184	0.017629435
36	TCTTTCCCCT	10	183	0.017533623
35	CGGGCC	6	183	0.017533623
35	GGTTCCGTCT	10	182	0.017437811
35	GCTGCCGG	8	182	0.017437811
35	GTCGGCC	7	181	0.017341999
35	GTGCCC	6	181	0.017341999
35	GGTCTATA	8	180	0.017246186
35	CCCCGGC	7	180	0.017246186
36	CGCCTT	6	180	0.017246186
35	CCCT	4	180	0.017246186
35	GTGAAGGA	8	179	0.017150374
35	GGAGGGC	7	179	0.017150374
35	GTCCCATC	8	178	0.017054562
35	ACCCCCT	7	178	0.017054562
35	GAGTCCC	7	178	0.017054562
35	GTGGGCC	7	178	0.017054562
35	CGCCCC	6	178	0.017054562
36	CCCCTT	6	178	0.017054562
35	GAGGGCCC	8	177	0.01695875
35	CTTTCCC	7	177	0.01695875
35	GGCCCTT	7	177	0.01695875
35	AGGGGA	6	177	0.01695875
35	CTCCC	5	177	0.01695875
35	GGGCGTCTTC	10	176	0.016862938
35	GGGGCGTCC	9	176	0.016862938
35	AGAGGGC	7	176	0.016862938
35	CATACTT	7	176	0.016862938
36	TGGCCCT	7	176	0.016862938
35	CCCTAC	6	176	0.016862938
36	TGAACT	6	176	0.016862938
35	CCCCTACC	8	175	0.016767126
35	GGGGACCC	8	175	0.016767126
35	AGACCCC	7	175	0.016767126
35	GAGCCCC	7	175	0.016767126
35	GCCGGCC	7	175	0.016767126
35	GCCCTT	6	175	0.016767126
35	AAGCCTAGTGGCC	13	174	0.016671314
35	CCCCTGGGGGGC	12	174	0.016671314
35	AAAGTACCCC	10	174	0.016671314
35	CGCCCCGCTT	10	174	0.016671314
35	GGCCTGACC	9	174	0.016671314
35	AGGCCCCC	8	174	0.016671314
35	GGCTTCCC	8	174	0.016671314
36	CGT	3	174	0.016671314
35	ACCGTCGCCCC	11	173	0.016575501
35	GTATTCA	7	173	0.016575501
35	GCCTCCCC	8	172	0.016479689
36	CCTTTCCT	8	172	0.016479689
35	AGGAACC	7	172	0.016479689
35	CTCCTCT	7	172	0.016479689
35	GCGGGCC	7	172	0.016479689
36	TAGACCT	7	172	0.016479689
35	AGGGAC	6	172	0.016479689
35	AGT	3	172	0.016479689
35	CCCCCGGG	8	171	0.016383877
35	GCATCAGG	8	171	0.016383877
35	GCCCGGGG	8	171	0.016383877
35	GGCTGCCC	8	171	0.016383877
35	AGGGCTT	7	171	0.016383877
35	GCTGGCT	7	171	0.016383877
35	GGGGAAC	7	171	0.016383877
36	CGGCCTT	7	171	0.016383877
35	GGTCGTTGACTC	12	170	0.016288065
35	AGGGGAGA	8	170	0.016288065
35	GGGGCGAG	8	170	0.016288065
35	GGGGGGCC	8	170	0.016288065
35	GGCGGCC	7	170	0.016288065
35	GAGGC	5	170	0.016288065
35	GGGAGGGGT	9	169	0.016192253
35	AAAGGGC	7	169	0.016192253
35	CCCCCCT	7	169	0.016192253
35	CGCCCCC	7	169	0.016192253
35	CCTCTCGTCCC	11	168	0.016096441
35	CTTGGCCCC	9	168	0.016096441
35	GGGTGGTC	8	168	0.016096441
35	AACCGCC	7	168	0.016096441
35	GGTCCT	6	168	0.016096441
35	CCGCTCCC	8	167	0.016000629
35	GCCTAACC	8	167	0.016000629
35	GTGAGAC	7	167	0.016000629
35	GCTTGGGT	8	166	0.015904816
35	CCCTTGACTTGGCT	14	165	0.015809004
35	GGTCCTCC	8	165	0.015809004
35	GTGGGCCT	8	165	0.015809004
36	CCCCCCTT	8	165	0.015809004
35	GTTTTCT	7	165	0.015809004
36	CCCCCTT	7	165	0.015809004
35	AGGTTCCC	8	164	0.015713192
35	AGTAGGCC	8	164	0.015713192
35	GTTTGGCC	8	164	0.015713192
35	GACGGGC	7	164	0.015713192
35	CCGGGT	6	164	0.015713192
36	CACCTGGTCACCT	13	163	0.01561738
35	AACTCAGCCC	10	163	0.01561738
35	GTTAGAGAC	9	163	0.01561738
35	AAAACCCC	8	163	0.01561738
35	AGGAAGCT	8	163	0.01561738
35	GACCAGGG	8	163	0.01561738
35	GGCTCCCC	8	163	0.01561738
35	AGACCCT	7	163	0.01561738
35	AGACCC	6	163	0.01561738
35	GCCTTT	6	163	0.01561738
35	GTCGGC	6	163	0.01561738
35	GACGGGCCGGT	11	162	0.015521568
35	GGCGGGT	7	162	0.015521568
36	CGAGGTCTTGCCCT	14	161	0.015425756
35	GCCTGGCCC	9	161	0.015425756
35	GCCCCCCG	8	161	0.015425756
35	GATCCCC	7	161	0.015425756
35	GGGGGGA	7	161	0.015425756
35	GTCCT	5	161	0.015425756
35	ACCGAGCC	8	160	0.015329943
35	ACCGGTCG	8	160	0.015329943
35	GGTCCCCC	8	160	0.015329943
35	AAAGGCC	7	160	0.015329943
35	ACGGGCC	7	160	0.015329943
35	AGCGCCC	7	160	0.015329943
36	CGGCCT	6	160	0.015329943
35	GGCAGTCCCT	10	159	0.015234131
35	AGGTCCCC	8	159	0.015234131
35	GGCGGGCC	8	159	0.015234131
35	GGGTGACC	8	159	0.015234131
35	GGTCGAAG	8	159	0.015234131
36	CCCGGTCT	8	159	0.015234131
35	AGGGGTC	7	159	0.015234131
35	GGGCGGC	7	159	0.015234131
36	CGCCCTT	7	159	0.015234131
35	AACCTC	6	159	0.015234131
35	GGTGCGTGCT	10	158	0.015138319
35	CCCGAGCC	8	158	0.015138319
35	CTCTAAGT	8	158	0.015138319
35	GCAGGGC	7	158	0.015138319
35	GGGCGGT	7	158	0.015138319
35	GGCGCTCTCCC	11	157	0.015042507
35	AAGCCTTCCC	10	157	0.015042507
35	CCTGTAGC	8	157	0.015042507
35	GACGGGAT	8	157	0.015042507
36	CCCTCCCT	8	157	0.015042507
36	TGGTCCCT	8	157	0.015042507
35	ATGCCCC	7	157	0.015042507
35	GCACCC	6	157	0.015042507
35	CCACCGGACCC	11	156	0.014946695
35	GCTAGCCTC	9	156	0.014946695
34	CTACACCC	8	156	0.014946695
35	GCCTTTCG	8	156	0.014946695
35	CCTGCCC	7	156	0.014946695
36	TCCTCT	6	156	0.014946695
35	AAGGGGCC	8	155	0.014850883
35	CTGGACCC	8	155	0.014850883
35	GGGAACCC	8	155	0.014850883
35	GTCCGCCC	8	155	0.014850883
35	AGGGACC	7	155	0.014850883
35	CCTGGGT	7	155	0.014850883
35	CCTAGACC	8	154	0.014755071
35	GTTCACCC	8	154	0.014755071
36	CCCGGCCT	8	154	0.014755071
36	CTCTCTCT	8	154	0.014755071
35	ACCGGCT	7	154	0.014755071
35	ACGTCCT	7	154	0.014755071
35	GCACCCC	7	154	0.014755071
35	CCCAAGCCCC	10	153	0.014659258
35	CAGGCGGC	8	153	0.014659258
36	CCAGAGGT	8	153	0.014659258
35	AAGGGCC	7	153	0.014659258
35	GGAGGAA	7	153	0.014659258
35	GGTGCGG	7	153	0.014659258
36	CAAGCCT	7	153	0.014659258
35	CCCTTT	6	153	0.014659258
35	ACCCCCGGGAT	11	152	0.014563446
35	CACTGGGACTC	11	152	0.014563446
35	GGGCCTAG	8	152	0.014563446
35	GGTGGGAC	8	152	0.014563446
35	GTCGCTCC	8	152	0.014563446
35	CCCGCCT	7	152	0.014563446
35	GGTGCCT	7	152	0.014563446
36	CTGCCTT	7	152	0.014563446
35	CCGTCC	6	152	0.014563446
35	GACTCC	6	152	0.014563446
36	CGGGTT	6	152	0.014563446
36	TCGGGT	6	152	0.014563446
35	CTCGTCGAAG	10	151	0.014467634
36	AGCCTGCCCT	10	151	0.014467634
35	GGCCGCC	7	151	0.014467634
36	TCCCTT	6	151	0.014467634
35	CGC	3	151	0.014467634
35	AAGCCTAGTCC	11	150	0.014371822
35	GACCTAGGC	9	150	0.014371822
35	GCCCGGCGT	9	150	0.014371822
36	CCGCCTT	7	150	0.014371822
36	CTTTGTT	7	150	0.014371822
36	TCCCCCT	7	150	0.014371822
35	CTTGGC	6	150	0.014371822
35	GACGCC	6	150	0.014371822
35	AGCTCTGACCCC	12	149	0.01427601
35	CCGTTGTTTCTC	12	149	0.01427601
35	GCTATACCCT	10	149	0.01427601
35	GACGTTCCT	9	149	0.01427601
35	CCTGGGTC	8	149	0.01427601
35	CTCTAGGA	8	149	0.01427601
36	ACCGCCT	7	149	0.01427601
36	TCGTCAT	7	149	0.01427601
36	TGCACTT	7	149	0.01427601
35	GGCCTC	6	149	0.01427601
35	ACGGC	5	149	0.01427601
35	AGGGTCCCACTT	12	148	0.014180198
35	AGTGGGTC	8	148	0.014180198
36	CGCACTTTT	9	147	0.014084386
35	AGGACCGC	8	147	0.014084386
35	GCGTAATT	8	147	0.014084386
36	CGACCCTT	8	147	0.014084386
35	AGAGGCC	7	147	0.014084386
36	CGCCCT	6	147	0.014084386
35	GTCCCTGGGGC	11	146	0.013988573
35	ACCTGAAG	8	146	0.013988573
35	GCTCGCTC	8	146	0.013988573
35	CTCGGC	6	146	0.013988573
35	GGGACT	6	146	0.013988573
35	GGAT	4	146	0.013988573
35	GGGT	4	146	0.013988573
