35	CC	2	47029	2.837703216
35	CT	2	18411	1.110909309
35	GT	2	15659	0.944855188
35	GC	2	13854	0.835942511
35	GG	2	11667	0.70398017
35	GCC	3	8297	0.500636279
36	CT	2	7659	0.462139721
36	TT	2	7090	0.427806583
36	T	1	6291	0.379595376
35	G	1	5678	0.342607303
35	GGGCC	5	4477	0.270139644
35	C	1	4115	0.248296769
35	GGGGCC	6	4024	0.24280588
35	GGGCCCC	7	3827	0.230919012
35	GA	2	3763	0.227057288
35	CG	2	3064	0.184880024
35	GGCCCC	6	2910	0.175587751
35	AC	2	2862	0.172691459
35	GCCCCC	6	2685	0.162011379
35	CCC	3	2642	0.159416783
35	GCTCTCGACC	10	2610	0.157485921
35	ATTCTCGG	8	2498	0.150727905
35	GGGCCC	6	2216	0.133712185
35	CCCTGTCC	8	2125	0.128221296
35	AGGGCCCC	8	2121	0.127979938
35	GGTAGCCC	8	2021	0.121945995
35	GGCCGGCC	8	1971	0.118929023
35	GGGGGCC	7	1880	0.113438135
36	CCTCAAGGCCTT	12	1876	0.113196777
35	CA	2	1855	0.111929649
35	CTTTCAGGGC	10	1808	0.109093696
35	AGCCCCCC	8	1801	0.10867132
35	GGCCCCCG	8	1765	0.1064991
35	AGGAGGAC	8	1706	0.102939073
35	GGCCACCC	8	1693	0.102154661
35	GCTAGGGC	8	1685	0.101671945
35	GACCCC	6	1650	0.099560065
35	GGGGAAGTCT	10	1637	0.098775653
35	CCGTGCCCCA	10	1552	0.093646801
36	CCCCTCGGCTTTT	13	1538	0.092802049
35	GGCC	4	1481	0.089362701
35	GGGGGC	6	1453	0.087673197
35	GGCGTAAGGCCC	12	1441	0.086949124
35	GTTCCCCT	8	1420	0.085681995
35	AGGGGCC	7	1416	0.085440638
35	GCCCGGC	7	1416	0.085440638
35	CCCCCCTT	8	1413	0.085259619
35	GCTGTCCT	8	1390	0.083871812
35	GCCC	4	1379	0.083208079
35	GGGGCCC	7	1374	0.082906382
35	CCAGCCGGGC	10	1356	0.081820272
35	ACCCCCCC	8	1355	0.081759932
35	AGGGCCT	7	1352	0.081578914
35	GGGCCCTC	8	1339	0.080794501
36	CCT	3	1331	0.080311786
35	GCCCAGGC	8	1307	0.07886364
35	GACTCGGCCTTT	12	1305	0.078742961
35	GGTCTCCC	8	1305	0.078742961
35	GGC	3	1286	0.077596511
35	A	1	1283	0.077415493
35	CCCTGTCCGGCTT	13	1276	0.076993117
35	GCCCC	5	1259	0.075967347
35	ACGATTCCGGT	11	1251	0.075484631
36	CGCCCTT	7	1251	0.075484631
35	AGAC	4	1243	0.075001916
35	AGGGCC	6	1237	0.074639879
35	GGGCTCAGTCT	11	1235	0.0745192
36	ACCCCGGCCT	10	1227	0.074036485
35	GGCCCCC	7	1219	0.073553769
35	GACCGGGC	8	1218	0.07349343
35	CTGCCCT	7	1201	0.07246766
35	AG	2	1189	0.071743586
35	GACACCCC	8	1185	0.071502229
35	GCCCAGGG	8	1164	0.070235101
35	GGTCGGC	7	1153	0.069571367
35	GGCCC	5	1149	0.069330009
35	GGCCCCCC	8	1145	0.069088651
35	GCCCCCCC	8	1134	0.068424918
35	GTGACCCA	8	1125	0.067881863
35	CCCCC	5	1111	0.067037111
35	GCGAGGTT	8	1094	0.06601134
35	AT	2	1090	0.065769982
35	CCCCCCC	7	1089	0.065709643
35	AGGCCCC	7	1073	0.064744212
35	GTCTGATCCC	10	1057	0.063778781
35	AGACCCC	7	1050	0.063356405
35	CTTGGGCC	8	1046	0.063115047
35	ACCTTACCGGGCCT	14	1030	0.062149616
35	ACCCCGCC	8	1028	0.062028938
35	AGGCCCT	7	1005	0.060641131
35	GGGCTTTGGGT	11	1003	0.060520452
35	AGGCCCCC	8	996	0.060098076
35	CCCC	4	988	0.05961536
35	AGGGCCC	7	985	0.059434342
35	GAC	3	967	0.058348232
35	GGCTCCCGTC	10	966	0.058287893
35	AGGCC	5	960	0.057925856
35	GGATTTCC	8	943	0.056900086
35	GGACCCC	7	934	0.056357031
35	GGGGACC	7	932	0.056236352
36	CCCGTCTT	8	927	0.055934655
35	GCCCCCC	7	924	0.055753637
35	GGGGC	5	922	0.055632958
35	GGTCCCC	7	921	0.055572618
35	GACCTCGT	8	919	0.055451939
35	AGGGGGC	7	905	0.054607187
35	GGCTCC	6	904	0.054546848
35	GGGATGCC	8	903	0.054486508
35	AAGGTCCC	8	900	0.05430549
36	CCCGGGCT	8	899	0.054245151
35	GCGTTCCC	8	898	0.054184811
35	ACCACCCC	8	897	0.054124472
35	GAGCCTCGTGAGCTC	15	895	0.054003793
35	GCCTAGGC	8	893	0.053883114
35	GTCGGATC	8	884	0.053340059
35	GGGC	4	882	0.05321938
35	AGGGAACC	8	878	0.052978023
35	GGCCCCT	7	876	0.052857344
35	AGGTGGTT	8	863	0.052072931
35	GGGCCCCC	8	863	0.052072931
35	ACCCTT	6	857	0.051710894
35	GGGCCCT	7	848	0.05116784
35	GAACCCGTCT	10	847	0.0511075
35	ATTCCCCG	8	847	0.0511075
36	TCCCCTTCGGCT	12	844	0.050926482
35	AACTGTTTT	9	842	0.050805803
35	GGCCCCCT	8	838	0.050564445
35	ACCCGCCGCTCGA	13	835	0.050383427
35	CCCCCCCC	8	819	0.049417996
35	ACCGGGCC	8	816	0.049236978
35	AAACACCGAGAC	12	815	0.049176638
35	GGCCCAGC	8	815	0.049176638
35	AGGCCC	6	813	0.049055959
35	CCCTCC	6	811	0.048935281
35	GGCCCCGGGC	10	799	0.048211207
35	AGGGCGG	7	798	0.048150868
35	GGCCGGG	7	796	0.048030189
35	GGGGGGT	7	793	0.047849171
36	CGTCCCCT	8	785	0.047366455
35	GGCCCT	6	783	0.047245776
35	GTCCCC	6	781	0.047125098
35	CCCTTCCT	8	778	0.046944079
35	GGCTCCCC	8	773	0.046642382
35	GACCGAGCC	9	769	0.046401024
35	GAAGGCC	7	769	0.046401024
35	GGGCCT	6	769	0.046401024
35	GTTGGCCCAC	10	768	0.046340685
35	GGGGCCT	7	762	0.045978648
35	CTGCCCGGGC	10	761	0.045918309
36	TCAGGGTT	8	758	0.045737291
35	GGGGGGC	7	758	0.045737291
36	CTCGGGAT	8	750	0.045254575
35	GGG	3	748	0.045133896
35	ACCCCGCT	8	747	0.045073557
36	TAGACTCAGTCT	12	741	0.04471152
35	AGGAAACC	8	741	0.04471152
35	GCT	3	738	0.044530502
35	GTAGTTGGCCC	11	731	0.044108126
35	GGGGTCCC	8	731	0.044108126
35	GCCCCT	6	731	0.044108126
35	ACCGGTCCAGGCC	13	723	0.04362541
35	GGTCCCT	7	722	0.043565071
35	AGGGGCCT	8	720	0.043444392
35	GGGACCGTCC	10	716	0.043203034
35	GCCCGGGG	8	714	0.043082355
36	TTCCCCT	7	714	0.043082355
35	AGGGCCCT	8	711	0.042901337
35	GGCCCCCAGGGGAT	14	704	0.042478961
35	GGGGATTC	8	701	0.042297943
35	AGCAGGCC	8	695	0.041935906
35	CCCCCC	6	693	0.041815227
35	GTC	3	693	0.041815227
35	GGGACCCC	8	692	0.041754888
35	GGGGGGCC	8	692	0.041754888
36	CCGCCCTT	8	691	0.041694549
36	TTTGGGCT	8	689	0.04157387
35	GTCGGGC	7	689	0.04157387
35	CGGGAGCC	8	686	0.041392851
36	TAGACT	6	686	0.041392851
35	GCTCAGTCTAAC	12	682	0.041151494
35	AGGTGGACTC	10	682	0.041151494
36	TACCCCCT	8	677	0.040849796
35	AGAAAGGCC	9	669	0.040367081
36	TAGAGTTT	8	664	0.040065384
35	AGAGAAC	7	664	0.040065384
35	AGGGCTC	7	662	0.039944705
35	AGAGCCTT	8	651	0.039280971
35	GGGGGCCC	8	651	0.039280971
35	AA	2	651	0.039280971
35	GGCCGGC	7	650	0.039220632
35	GGCCCCGGTAGGGGT	15	648	0.039099953
35	CCTTCTTTTT	10	642	0.038737916
35	GCCCGGGC	8	642	0.038737916
35	GGGGCCCC	8	640	0.038617237
35	GGGGAAAC	8	635	0.03831554
35	GACCGCC	7	635	0.03831554
35	AGGACCGCC	9	634	0.038255201
35	AGGGAGAC	8	633	0.038194861
35	GGTTCCCT	8	632	0.038134522
35	CCT	3	629	0.037953504
35	GGGGTT	6	628	0.037893164
35	GGAGGGC	7	626	0.037772485
35	ACCCCC	6	624	0.037651806
35	AGGCCGGCCACTCCC	15	623	0.037591467
36	CCCCCT	6	618	0.03728977
36	CAGATCG	7	617	0.03722943
35	GGCCTCC	7	616	0.037169091
35	GGGTTTCGGC	10	614	0.037048412
35	CCCCTC	6	614	0.037048412
35	CGCCCCCT	8	611	0.036867394
35	GCCCGGCT	8	610	0.036807054
35	AGGTCCCC	8	605	0.036505357
35	GGGGGCGC	8	605	0.036505357
35	GGGGCGGC	8	604	0.036445018
35	GGGGGACC	8	604	0.036445018
35	AGGTTGGCC	9	599	0.036143321
35	CCCCGGCT	8	597	0.036022642
35	GGCCTTGAAAAGGA	14	596	0.035962302
35	GCCCTTCGCT	10	594	0.035841623
35	GAAGGGC	7	594	0.035841623
36	TCCGGGGCCTT	11	593	0.035781284
35	GGCTCGGGAT	10	593	0.035781284
35	CCCGGGAAGCTT	12	591	0.035660605
36	CCCCT	5	591	0.035660605
35	GGCCTCTGGGC	11	589	0.035539926
35	GCCTGCCC	8	588	0.035479587
35	GCCCGCCC	8	580	0.034996871
35	GTTTGGACAGAC	12	579	0.034936532
35	CCTTCCTTAGGGA	13	578	0.034876193
36	TGGGCCT	7	577	0.034815853
35	AGACCCT	7	576	0.034755514
35	GACTCC	6	572	0.034514156
35	GCCGGGCCCT	10	571	0.034453816
35	GCCCTC	6	566	0.034152119
35	CCTTTGGAT	9	562	0.033910762
35	AAGGGCCAGGGCCC	14	558	0.033669404
35	CCGCTCGTCCCC	12	554	0.033428046
35	GCCGAACT	8	552	0.033307367
35	CCCCCT	6	548	0.03306601
35	GCCCTGGT	8	547	0.03300567
35	GGGCGCC	7	547	0.03300567
36	TGCCCTAT	8	545	0.032884991
35	GCGCGCC	7	545	0.032884991
36	TCGTGACAAT	10	543	0.032764312
35	GCGGGACC	8	543	0.032764312
35	GGCGGCC	7	543	0.032764312
35	GAGGCC	6	542	0.032703973
35	GGGGGGTC	8	541	0.032643633
35	AGCCCC	6	540	0.032583294
35	GCCCTTCC	8	539	0.032522955
35	GCACTGGCCC	10	536	0.032341936
35	GGGGTCC	7	535	0.032281597
35	GCCCCTGGTCCCC	13	534	0.032221257
35	GCCTCAGGCC	10	532	0.032100579
35	GTTTGGACAGGTC	13	531	0.032040239
35	ACTTGGCT	8	527	0.031798881
35	GGCGGCCC	8	527	0.031798881
36	CAGGGGCTCT	10	525	0.031678203
35	GGAAACACCGAGAC	14	523	0.031557524
35	AGCCCTCT	8	523	0.031557524
35	GGGCGGCCCCGC	12	520	0.031376505
34	AG	2	520	0.031376505
35	GTTTAGAC	8	516	0.031135148
35	ACCCC	5	516	0.031135148
35	GCCTCCCT	8	515	0.031074808
36	AACCCGT	7	514	0.031014469
35	CCCT	4	514	0.031014469
35	GGGTCTCA	8	512	0.03089379
36	TAGAGCTCTAACT	13	511	0.03083345
35	GCCCCCCG	8	511	0.03083345
35	GGCCGCC	7	511	0.03083345
35	GGGGGATC	8	510	0.030773111
35	GGAGGACC	8	507	0.030592093
35	GGTGCCC	7	506	0.030531753
35	GTCAAGCC	8	505	0.030471414
35	GACCCCC	7	505	0.030471414
35	GGCCGCCC	8	503	0.030350735
35	GTCCCT	6	498	0.030049038
35	AGC	3	496	0.029928359
36	CCTGTTT	7	494	0.02980768
35	GGCCGC	6	493	0.029747341
35	GGCGTCGCTC	10	492	0.029687001
35	GGCCT	5	492	0.029687001
35	CCCCTCCC	8	487	0.029385304
35	GGGAGCC	7	487	0.029385304
36	CTTCCT	6	486	0.029324965
36	TCCCCT	6	486	0.029324965
35	CCGACCCT	8	485	0.029264625
35	GGGGGA	6	485	0.029264625
35	AACGGGGTAGGG	12	484	0.029204286
35	CCCCGCCC	8	484	0.029204286
35	GAGGGAAC	8	484	0.029204286
35	GCCCGCC	7	484	0.029204286
35	ACCCGCCC	8	481	0.029023267
36	TAGAGACT	8	479	0.028902589
35	GCCCGCCT	8	478	0.028842249
35	GGACCCCC	8	478	0.028842249
33	GGCCGCGTAGC	11	473	0.028540552
35	GCCCCCCT	8	473	0.028540552
35	GTCTCGGCCT	10	469	0.028299194
35	GGGGGT	6	467	0.028178515
35	GGCTCCC	7	466	0.028118176
35	GACCCT	6	465	0.028057837
35	CGGGGTAA	8	461	0.027816479
36	CGGGCCCT	8	457	0.027575121
35	CCCCCCT	7	457	0.027575121
35	CTGCTTC	7	457	0.027575121
35	GGCCCCGGGCCC	12	456	0.027514782
35	AGGGGAC	7	452	0.027273424
35	GGGCGGCCC	9	451	0.027213084
35	ACCCCT	6	451	0.027213084
35	GGGGTCTGCC	10	450	0.027152745
35	AGCCCGGTCC	10	446	0.026911387
35	GCCCCCT	7	446	0.026911387
35	GCCCCCGCCC	10	438	0.026428672
35	GGTTCCCC	8	438	0.026428672
35	CCCGGGCC	8	435	0.026247654
35	ATCTCCCGGTC	11	434	0.026187314
35	GGAGCCCT	8	434	0.026187314
35	CCCGCCTC	8	433	0.026126975
35	GTCTAACC	8	432	0.026066635
35	GTTGGCCCACCC	12	430	0.025945956
35	AGGAACT	7	430	0.025945956
35	AGGGGCCC	8	429	0.025885617
35	GTAGGGGG	8	429	0.025885617
35	GTCCC	5	427	0.025764938
35	AAGCCCCT	8	426	0.025704599
35	GGGCTAGGC	9	425	0.025644259
36	CTTCCCGGCTT	11	423	0.02552358
36	AGTGGCCT	8	417	0.025161544
35	AGGAGGC	7	417	0.025161544
35	GTTAGAGC	8	416	0.025101204
35	GGCTAACT	8	415	0.025040865
35	GTAGGCTG	8	414	0.024980525
35	CCGCGGGC	8	413	0.024920186
35	AGGCCTCGGG	10	412	0.024859847
35	GGGACC	6	412	0.024859847
35	CCGGCCC	7	411	0.024799507
35	GGACCCCCCTCT	12	410	0.024739168
36	CCCT	4	409	0.024678828
35	GCCCGGTC	8	408	0.024618489
35	AAGGGTCT	8	404	0.024377131
35	CCTGGTCTCGGC	12	403	0.024316792
35	CGTGGTGCTCTAAC	14	402	0.024256452
35	AAACACGAGAC	11	402	0.024256452
35	AGTCCCC	7	402	0.024256452
35	GCGGGCCC	8	400	0.024135773
35	ATCTTCCGCC	10	399	0.024075434
35	GGGGGCCT	8	398	0.024015095
35	GGGCGGT	7	397	0.023954755
35	ATACCTT	7	395	0.023834076
35	ACCTCAGC	8	393	0.023713397
35	CACTTGCC	8	393	0.023713397
35	GGGGCAAGTC	10	392	0.023653058
35	GACTGGC	7	392	0.023653058
35	CTTGTCCC	8	391	0.023592718
36	CGGCCT	6	391	0.023592718
35	GGGCCCCT	8	389	0.02347204
35	CTCTAAC	7	389	0.02347204
35	GCCCCGCCTT	10	388	0.0234117
35	AGGGGGCC	8	388	0.0234117
35	GCCCGGCC	8	388	0.0234117
35	GGGGCT	6	388	0.0234117
35	AGGGGAA	7	386	0.023291021
35	GACCC	5	386	0.023291021
35	AGT	3	386	0.023291021
37	TG	2	386	0.023291021
35	CCCCGGGC	8	385	0.023230682
35	GGCGAGGAAGGGCC	14	383	0.023110003
35	GACGGGC	7	383	0.023110003
35	ACCTTCCT	8	381	0.022989324
35	GGTCCCCT	8	381	0.022989324
35	GGGGAC	6	381	0.022989324
35	CTTTTT	6	379	0.022868645
35	CCGGGCCC	8	378	0.022808306
35	GGGTCC	6	378	0.022808306
36	CCCCGGCCCCCT	12	377	0.022747966
35	GCTTGCT	7	377	0.022747966
35	GCCTTACCCC	10	376	0.022687627
35	GCGGCCCC	8	376	0.022687627
35	GGGAACCC	8	376	0.022687627
35	GCCCT	5	376	0.022687627
36	CCCGTTGCCCT	11	375	0.022627288
35	GGGGTGGC	8	373	0.022506609
36	CCGGTTT	7	373	0.022506609
35	AGGGGC	6	373	0.022506609
35	CCCTGGGTCCC	11	372	0.022446269
35	GGCTTCTT	8	372	0.022446269
35	GGGCGACC	8	372	0.022446269
35	GAGGGCC	7	372	0.022446269
35	GCCCCTCC	8	371	0.02238593
36	CTCCCCCT	8	371	0.02238593
35	GCTCGGGT	8	370	0.02232559
36	TCCCTTCT	8	369	0.022265251
35	GAACCTGT	8	368	0.022204912
35	GTCCTCCT	8	368	0.022204912
36	CTCGGGGCCT	10	367	0.022144572
35	GCTCCC	6	367	0.022144572
35	ATTCCCCGCC	10	363	0.021903214
35	GGCCTC	6	363	0.021903214
35	GAACGTCT	8	362	0.021842875
35	GACCGCT	7	362	0.021842875
35	GCGCCC	6	362	0.021842875
35	ACCCTCCC	8	361	0.021782535
35	GCCTCAGG	8	360	0.021722196
35	GTTCGGGGC	9	359	0.021661857
35	AGGCCCTT	8	358	0.021601517
35	GGTCCC	6	355	0.021420499
35	GCTCCGTCTC	10	354	0.021360159
35	ATCCCCCC	8	354	0.021360159
35	GGGGGAG	7	354	0.021360159
35	AGGGGATCCT	10	352	0.021239481
35	GCCCTCCC	8	351	0.021179141
36	CTGATTTTCCT	11	349	0.021058462
36	CCGGGGGT	8	349	0.021058462
35	ACCC	4	349	0.021058462
35	GGACTCGCCCT	11	348	0.020998123
35	GGGCGGC	7	348	0.020998123
35	GATTTTGTTCCCC	13	347	0.020937783
35	ACCCGCCT	8	346	0.020877444
35	AGCCGGGC	8	345	0.020817105
35	CCCGGCC	7	345	0.020817105
35	AGGTCCC	7	344	0.020756765
35	GGCTCGGC	8	343	0.020696426
36	CGAGCTTT	8	343	0.020696426
35	GGTCCCCCCT	10	342	0.020636086
35	GGCCCGC	7	342	0.020636086
35	GCCGGTTT	8	341	0.020575747
35	GGAGGCCC	8	341	0.020575747
35	GGTTGGCC	8	340	0.020515407
36	CGCGGACT	8	339	0.020455068
35	AGGCCGGCCA	10	338	0.020394729
35	GCCTCCCC	8	338	0.020394729
35	GCTCCCC	7	338	0.020394729
35	GGAGGACT	8	337	0.020334389
35	GGGAGGCC	8	337	0.020334389
35	GGCGGGC	7	336	0.02027405
35	GCGGGGGCCC	10	335	0.02021371
35	GCCTGGC	7	334	0.020153371
35	GTCC	4	334	0.020153371
35	GCCCTAGCCCCCT	13	333	0.020093031
35	GCCCACCC	8	332	0.020032692
35	GCCCGGGA	8	332	0.020032692
36	CGGCGAT	7	332	0.020032692
35	GCTTCCCC	8	330	0.019912013
35	GGCCCTGG	8	330	0.019912013
36	CCGGGCTT	8	330	0.019912013
35	GCGGCC	6	329	0.019851674
35	CCCGGCCC	8	328	0.019791334
36	CTTCCTT	7	328	0.019791334
35	AGGACC	6	327	0.019730995
35	GCCGGGGC	8	326	0.019670655
35	CCGGCTC	7	326	0.019670655
36	TCTTTTT	7	325	0.019610316
35	GCCCTCCT	8	323	0.019489637
35	GGGCGCCC	8	323	0.019489637
35	GGGGGG	6	323	0.019489637
35	AGGGAAAC	8	322	0.019429298
35	GCCGGGGGGCTCT	13	319	0.019248279
35	GCCCTTTT	8	319	0.019248279
35	ACCCCCC	7	319	0.019248279
35	CCGAGGA	7	319	0.019248279
36	CCCCCCT	7	319	0.019248279
35	GGGCTC	6	319	0.019248279
35	GGCTTCCC	8	318	0.01918794
35	CCTCCCC	7	318	0.01918794
35	GGCCCGGCC	9	317	0.0191276
36	TCTTCCCT	8	317	0.0191276
35	AGGGATCC	8	315	0.019006922
36	CGCCCCT	7	315	0.019006922
36	CCCGCTT	7	313	0.018886243
35	GGCT	4	313	0.018886243
35	GGT	3	313	0.018886243
35	ACC	3	312	0.018825903
35	GTTCACCT	8	311	0.018765564
35	GGGCGGGA	8	310	0.018705224
35	GCCGGAT	7	310	0.018705224
36	TCCCTCT	7	310	0.018705224
35	GGGAACCCC	9	308	0.018584546
35	GGGTCCC	7	308	0.018584546
35	GGTCC	5	308	0.018584546
36	CGAGGGGTCT	10	307	0.018524206
35	GAGGC	5	307	0.018524206
35	GACCCCCG	8	306	0.018463867
35	AAGGGCCTCT	10	305	0.018403527
35	AGGTAGGGG	9	305	0.018403527
35	GCCTCGGC	8	305	0.018403527
35	GTCCCCT	7	305	0.018403527
36	TTT	3	305	0.018403527
35	AGAGGTCC	8	304	0.018343188
35	GCCGGCCC	8	304	0.018343188
35	GGGTCCCC	8	304	0.018343188
35	AGGGGGT	7	304	0.018343188
35	GGGGGAC	7	304	0.018343188
35	GGTTCCCGCC	10	303	0.018282848
35	CCCCTGGT	8	303	0.018282848
35	CCTGGGC	7	303	0.018282848
35	CTCCCCC	7	303	0.018282848
35	CTCCATTCCTCGGTT	15	302	0.018222509
36	CCTTTT	6	302	0.018222509
35	CCCCT	5	302	0.018222509
35	GGGGT	5	302	0.018222509
35	AGGACCCC	8	301	0.018162169
35	AGGACCC	7	300	0.01810183
35	CCCCGCC	7	300	0.01810183
35	GATGAGGA	8	298	0.017981151
35	CTC	3	298	0.017981151
35	GGGGTCGGGACC	12	296	0.017860472
35	AGGGTGT	7	296	0.017860472
35	GACGGC	6	296	0.017860472
35	GGAGGCC	7	295	0.017800133
36	TCCT	4	295	0.017800133
35	CCCGGGGC	8	293	0.017679454
35	GGGGTG	6	293	0.017679454
35	GTTCCC	6	293	0.017679454
35	AGCCCCC	7	291	0.017558775
35	AGGGACC	7	291	0.017558775
35	GGGCCTT	7	291	0.017558775
35	AGACTGCCCC	10	290	0.017498436
35	AGGCACCC	8	290	0.017498436
35	AGGGCAC	7	290	0.017498436
36	TAGAGCT	7	290	0.017498436
35	CCGCCC	6	290	0.017498436
35	GGCGCC	6	290	0.017498436
35	GCCTCTTCTCTAA	13	289	0.017438096
35	GGCCTACCCC	10	289	0.017438096
35	AGACCCCC	8	289	0.017438096
35	ATCTCCCC	8	289	0.017438096
36	TGGGCCCT	8	289	0.017438096
35	AGGCCT	6	289	0.017438096
35	GGTCCCCC	8	288	0.017377757
35	CTT	3	288	0.017377757
35	GGCTCGCCT	9	287	0.017317417
35	AGGCCTCT	8	287	0.017317417
35	GGCCCGCC	8	287	0.017317417
35	GGCGGAGC	8	287	0.017317417
35	GAAGGCT	7	287	0.017317417
35	AGGGGGCGCCGGGGC	15	286	0.017257078
35	GCCTCTTCTCTA	12	286	0.017257078
35	ACTTCCTCGAT	11	286	0.017257078
35	GGCTCCGGA	9	286	0.017257078
35	AAGGGTCC	8	285	0.017196739
37	GTTTGATG	8	285	0.017196739
35	GAAACCAC	8	284	0.017136399
35	GGCCCTT	7	284	0.017136399
35	ATCCCCCGGGAGAC	14	283	0.01707606
35	GGTAAGCCT	9	283	0.01707606
35	CTTCCCCC	8	282	0.01701572
35	CCCCCGG	7	282	0.01701572
35	CGGGCCC	7	282	0.01701572
35	GCCTCC	6	282	0.01701572
35	GTCCTT	6	282	0.01701572
35	GCCTGCTGGGAGGGT	15	281	0.016955381
35	GCTCGTCC	8	281	0.016955381
35	GGCTTGGG	8	281	0.016955381
35	GGGCCGAC	8	281	0.016955381
35	GGGGGGAC	8	281	0.016955381
35	GCCTCGGG	8	280	0.016895041
35	CCGGGCC	7	280	0.016895041
35	CGCCCCGG	8	279	0.016834702
35	GTCCGCCC	8	279	0.016834702
35	AGGGC	5	279	0.016834702
35	AGGGTCC	7	277	0.016714023
35	AGGGAACCCC	10	275	0.016593344
36	CCGATCCT	8	275	0.016593344
36	TTCCCCCT	8	275	0.016593344
35	GGACCCT	7	275	0.016593344
35	GGGGCGC	7	275	0.016593344
35	GGGGCTT	7	275	0.016593344
35	ATCCCC	6	275	0.016593344
35	GCCGCT	6	274	0.016533005
35	AGGGCTCC	8	273	0.016472665
35	GCCCCGGG	8	273	0.016472665
35	GTTCCCC	7	273	0.016472665
35	GTCGGCC	7	272	0.016412326
35	GGAATCAAGC	10	270	0.016291647
35	GCCCGGAC	8	270	0.016291647
35	GGCTGC	6	270	0.016291647
35	GCCTGC	6	269	0.016231308
35	AGAGGGGC	8	268	0.016170968
35	GGGGCCCT	8	268	0.016170968
35	GGGGAAC	7	268	0.016170968
35	AGTCTACC	8	266	0.016050289
36	CCGTCCCT	8	266	0.016050289
35	GCTGCCC	7	265	0.01598995
35	CCTCC	5	265	0.01598995
35	GAATGTGACC	10	264	0.01592961
35	CCTCCCTT	8	264	0.01592961
35	GCTCCCCC	8	264	0.01592961
36	CAGAGCT	7	263	0.015869271
35	AGGGTCGGCCCT	12	262	0.015808932
35	GCCCCCGACCG	11	262	0.015808932
35	GTGCTCGCC	9	262	0.015808932
35	AGGATGC	7	262	0.015808932
35	CCCGCGG	7	262	0.015808932
35	GTTTTT	6	262	0.015808932
36	CCGGGCT	7	261	0.015748592
35	GGGGTTTCCCAC	12	260	0.015688253
35	CCTTAGACT	9	260	0.015688253
35	GGCCTCCC	8	260	0.015688253
35	CCCGCCT	7	260	0.015688253
35	GCCCGG	6	260	0.015688253
35	GGCCTACCTT	10	259	0.015627913
35	GCCTTCCCC	9	259	0.015627913
35	ATTCCCTG	8	259	0.015627913
35	GGGTCCCT	8	259	0.015627913
35	AGGCCGTTCC	10	258	0.015567574
35	AGGGTCCC	8	257	0.015507234
35	GGAATCCC	8	257	0.015507234
35	AGGCTCC	7	257	0.015507234
35	GCCCCCCGGGCC	12	256	0.015446895
35	CCCCTGGC	8	256	0.015446895
35	CCCGGGC	7	256	0.015446895
35	GGGCCTCC	8	255	0.015386556
35	GGGGGCA	7	255	0.015386556
35	GCCTCTTCTCGCT	13	253	0.015265877
35	GTCGGGGAAC	10	253	0.015265877
35	GTT	3	253	0.015265877
36	CTCCCCT	7	252	0.015205537
35	AGGTCAGGTTCTTT	14	251	0.015145198
35	GTTCTGCCACTT	12	251	0.015145198
35	GTCCCTCC	8	251	0.015145198
35	GGCGGC	6	251	0.015145198
35	GGCCTTGC	8	250	0.015084858
35	GTCCCCCT	8	250	0.015084858
36	TTCTCCCT	8	249	0.015024519
35	GCCT	4	249	0.015024519
35	CCCCACCC	8	248	0.014964179
35	CCTGCCCC	8	248	0.014964179
36	CTCCGAGCCT	10	247	0.01490384
35	CTTGGCCC	8	247	0.01490384
35	GGACC	5	247	0.01490384
35	GCCTTGTGT	9	246	0.014843501
35	GCCCGATT	8	246	0.014843501
35	GGGTAC	6	246	0.014843501
36	CGCCT	5	246	0.014843501
35	AGAGAACCCCTT	12	245	0.014783161
35	GGCCCTTCGCCC	12	245	0.014783161
35	GGAGGACG	8	245	0.014783161
35	GTGGGCCT	8	245	0.014783161
35	CTGCCC	6	245	0.014783161
35	GGCCCTGCCC	10	244	0.014722822
35	ATGAAACC	8	244	0.014722822
36	CCTT	4	244	0.014722822
35	GGCCTGGC	8	242	0.014602143
35	GTAACCCT	8	242	0.014602143
35	AAGGGCC	7	242	0.014602143
35	CGGGGGG	7	242	0.014602143
35	GAAGCCC	7	242	0.014602143
35	GGCTGGC	7	242	0.014602143
35	AGGAGGCC	8	241	0.014541803
35	GGGTTCCC	8	241	0.014541803
35	GGGACCC	7	241	0.014541803
35	GTCCGGGCC	9	240	0.014481464
35	ACTGAGAC	8	240	0.014481464
35	GCTCGGGC	8	240	0.014481464
35	GGGGGTCC	8	240	0.014481464
35	GCCCGCGGTCCC	12	239	0.014421125
35	CCCCCCCT	8	239	0.014421125
35	GGGTCCTC	8	239	0.014421125
36	CCCCCCCT	8	239	0.014421125
35	GCCCGGT	7	239	0.014421125
35	GCCGGATCCC	10	238	0.014360785
35	GGGGGGA	7	238	0.014360785
36	CGGCCTT	7	238	0.014360785
35	CCGGCG	6	238	0.014360785
35	GCCCTCT	7	237	0.014300446
35	AGAAGACGCC	10	236	0.014240106
35	GGCCTTCCCC	10	236	0.014240106
35	GCCTTGGC	8	236	0.014240106
35	AGAAGCC	7	236	0.014240106
35	CCCCGCT	7	236	0.014240106
35	GCGCCCT	7	236	0.014240106
35	GGCCTCT	7	236	0.014240106
35	GCTGCC	6	236	0.014240106
35	ACTGATCC	8	235	0.014179767
35	GAGGACGCCCG	11	234	0.014119427
35	GCGGAGGC	8	234	0.014119427
35	GTCGGGCC	8	234	0.014119427
36	CCCCTCCT	8	234	0.014119427
36	TATCCCT	7	234	0.014119427
35	GACGCC	6	234	0.014119427
35	CCCCCTGAGAGTC	13	233	0.014059088
35	GGCTCGGCTT	10	233	0.014059088
35	CCTCCCCC	8	233	0.014059088
35	GCTCGCC	7	233	0.014059088
35	ACCCGCCGCTCGAC	14	232	0.013998749
35	GGCGAGGAAC	10	232	0.013998749
35	AGGGCCCA	8	232	0.013998749
35	ATCCCCGG	8	232	0.013998749
35	CGCTCCCC	8	232	0.013998749
35	GGGTGGC	7	232	0.013998749
36	CCCCGCCCCCTCT	13	231	0.013938409
35	AGGACCCT	8	231	0.013938409
35	AGGCGCCC	8	231	0.013938409
36	CCCGGCCT	8	231	0.013938409
35	GTTCC	5	231	0.013938409
