35	CC	2	27240	7.426997846
35	CT	2	12061	3.288436895
35	GT	2	7257	1.978624206
35	GC	2	7046	1.921094964
36	T	1	4936	1.345802547
36	CT	2	4019	1.095782098
35	GG	2	3976	1.084058129
36	TT	2	3850	1.049704174
35	G	1	3245	0.884750661
35	C	1	2877	0.784415301
35	GCC	3	2505	0.682989339
35	CG	2	2293	0.625187447
35	GA	2	1442	0.393161927
35	AC	2	1329	0.362352428
35	A	1	1313	0.357990021
35	AT	2	1200	0.327180522
35	CCTTGCCC	8	1138	0.310276195
35	CCC	3	1127	0.30727704
35	GGC	3	1122	0.305913788
36	TACGCCT	7	1024	0.279194045
35	CCTCGGAT	8	901	0.245658042
36	CCCACCTT	8	896	0.24429479
35	CA	2	873	0.23802383
35	ACCCTGTC	8	812	0.221392153
35	AGAC	4	774	0.211031437
35	GGGCCC	6	759	0.20694168
36	AACGCCCTGTTT	12	755	0.205851078
35	ACTCATGCCT	10	735	0.20039807
35	AAGAGGAA	8	700	0.190855304
35	GGGGGC	6	695	0.189492052
36	CCCGCCT	7	678	0.184856995
35	CCACCGT	7	663	0.180767238
35	GGCC	4	659	0.179676637
35	AGGTTCCC	8	658	0.179403986
35	AG	2	646	0.176132181
35	GGGCC	5	639	0.174223628
35	GATCGGCC	8	623	0.169861221
35	GACCC	5	608	0.165771464
36	CCT	3	585	0.159500504
35	ACCTCACT	8	578	0.157591951
36	CCCAGTT	7	570	0.155410748
35	ACCTTACC	8	560	0.152684244
35	GTACCGGC	8	537	0.146413284
35	AGGCAGGC	8	533	0.145322682
35	AGGTAGAC	8	531	0.144777381
36	ACCTCCCT	8	530	0.14450473
36	TAGACT	6	528	0.14395943
36	CCTCCTGGCT	10	522	0.142323527
35	GTTTGGCT	8	504	0.137415819
35	CCGTGACC	8	503	0.137143169
35	AGGCCCC	7	501	0.136597868
36	ACCTTGACCT	10	497	0.135507266
35	ATCCGCGT	8	495	0.134961965
35	GGGGCC	6	494	0.134689315
35	CCCTGATC	8	465	0.126782452
36	TGGCCT	6	454	0.123783297
35	CCCGAGAT	8	442	0.120511492
35	GTAAGGCC	8	431	0.117512337
35	CTTCGGGA	8	430	0.117239687
35	GCCCAGGC	8	430	0.117239687
35	GCGGCC	6	427	0.116421736
35	CCTACCCC	8	425	0.115876435
35	GCCTTTGTCG	10	418	0.113967882
35	ACCTCCCT	8	416	0.113422581
35	GGGAAGGGAC	10	413	0.11260463
35	GGAGGACC	8	404	0.110150776
35	GTCCCTCGGAC	11	374	0.101971263
35	GCGTGT	6	372	0.101425962
35	GGAGGGGCGGCC	12	369	0.10060801
35	AACTGG	6	352	0.095972953
36	CGCGAGGT	8	351	0.095700303
35	AGGGCGG	7	350	0.095427652
36	TAGGACCT	8	348	0.094882351
36	CCCGACCT	8	346	0.09433705
35	CCCTTCTT	8	345	0.0940644
36	CCCATCCT	8	338	0.092155847
35	CCCCC	5	336	0.091610546
36	CGGCCT	6	335	0.091337896
35	AGGCGGCC	8	334	0.091065245
35	AGGGACC	7	331	0.090247294
35	AGGCC	5	331	0.090247294
36	CTAACCCTCTAACT	14	330	0.089974644
35	CCCTTAGC	8	330	0.089974644
35	CGTGGGGC	8	329	0.089701993
36	TGCCCCT	7	328	0.089429343
36	CGCAGGTT	8	324	0.088338741
35	GAC	3	322	0.08779344
35	ACC	3	317	0.086430188
36	CCCT	4	316	0.086157537
35	ACGCCT	6	314	0.085612237
36	AGGAAGAT	8	310	0.084521635
36	TGGCCTT	7	310	0.084521635
36	TGGGCCT	7	310	0.084521635
35	AGGGCTGGCT	10	309	0.084248984
35	AGACAGCCA	9	306	0.083431033
35	GTTCCC	6	306	0.083431033
35	AGGGCCT	7	304	0.082885732
35	GTCCAGGCC	9	302	0.082340431
35	CCCTGCCC	8	300	0.08179513
36	CGGAGAACGGCT	12	298	0.08124983
36	CTT	3	298	0.08124983
35	AGGGCTT	7	296	0.080704529
35	CCCCCCGCCT	10	292	0.079613927
35	AGGTACTG	8	292	0.079613927
35	ACCCAGGG	8	288	0.078523325
35	GGGGTTAGGCC	11	285	0.077705374
35	ACTAGGGA	8	280	0.076342122
36	CGGGGGCT	8	280	0.076342122
35	GGAGGGCC	8	276	0.07525152
35	GGTCTTGCCCC	11	275	0.07497887
35	CCACGCCC	8	274	0.074706219
35	GGAGGCA	7	273	0.074433569
35	AGGGCC	6	273	0.074433569
35	GCT	3	273	0.074433569
35	GTTCAACC	8	268	0.073070317
35	GCCCC	5	266	0.072525016
35	GGCTGCC	7	264	0.071979715
36	TAGAGACT	8	263	0.071707064
35	GGCCC	5	261	0.071161764
35	GCGCCCC	7	259	0.070616463
35	CCT	3	257	0.070071162
36	TAGAGGT	7	255	0.069525861
35	CTTTGGC	7	254	0.06925321
36	AACTAACT	8	253	0.06898056
35	AGGGGGCC	8	252	0.06870791
35	AGGGCCC	7	251	0.068435259
35	CCGGGGAC	8	250	0.068162609
35	GGGCACCT	8	250	0.068162609
36	TCCGATCG	8	249	0.067889958
36	CCTGGAAGGAT	11	247	0.067344657
36	CTCAGTCT	8	245	0.066799357
35	AGGGCCCC	8	244	0.066526706
36	CTCCCGCCGT	10	240	0.065436104
35	ACCCGGCC	8	240	0.065436104
35	AACGGTG	7	238	0.064890804
35	AGGGGGC	7	238	0.064890804
36	CTGCCCCTT	9	237	0.064618153
36	CCCCTCAT	8	235	0.064072852
36	AAGAGCT	7	234	0.063800202
35	GCTTCGGTGT	10	233	0.063527551
35	ATGCCCG	7	233	0.063527551
35	GCTCAGGC	8	231	0.06298225
35	CCCTGCCT	8	230	0.0627096
35	GCCCTGGA	8	229	0.06243695
36	CCCCT	5	228	0.062164299
35	GAGGCC	6	227	0.061891649
36	TCCCCTCT	8	226	0.061618998
35	ATGGCGT	7	226	0.061618998
35	AGC	3	226	0.061618998
36	TTGGTCT	7	223	0.060801047
35	GTCGGGCC	8	220	0.059983096
35	ATCTAACGT	9	218	0.059437795
35	GCCTTGCCC	9	217	0.059165144
36	CCCTGTCT	8	214	0.058347193
35	ACATCCTGCC	10	213	0.058074543
35	AGG	3	212	0.057801892
36	AT	2	207	0.05643864
35	GCTTGACC	8	205	0.055893339
36	TCCCCT	6	204	0.055620689
35	GCCCCC	6	202	0.055075388
35	CCAGGGGA	8	201	0.054802737
35	GCCGGGGA	8	201	0.054802737
36	CTCCAGTT	8	201	0.054802737
35	GTGTCC	6	200	0.054530087
35	CCCCTGCT	8	199	0.054257437
35	ACTGGGC	7	199	0.054257437
35	GGCTACGGGG	10	198	0.053984786
35	GACCCC	6	196	0.053439485
36	TGCCCT	6	194	0.052894184
35	CCCTGGC	7	192	0.052348883
35	CCCCGGTCCC	10	191	0.052076233
35	CCACTTT	7	191	0.052076233
35	GGAGGCC	7	191	0.052076233
35	GGGGAAGGGC	10	190	0.051803583
35	CCCTGACG	8	189	0.051530932
35	AGGGGCC	7	189	0.051530932
35	GCCC	4	189	0.051530932
35	GTCGGGGC	8	188	0.051258282
35	CCCCGCC	7	187	0.050985631
35	CCTTGGAC	8	186	0.050712981
35	CCCC	4	185	0.05044033
36	CCCCCT	6	181	0.049349729
36	CCCAAGGCT	9	179	0.048804428
35	GCCTTCCC	8	179	0.048804428
36	CCCTTAGGCT	10	178	0.048531777
35	GGG	3	178	0.048531777
35	GGCTGGAAGGGC	12	177	0.048259127
36	CTTAGGGCTACT	12	177	0.048259127
35	ATGTCCCC	8	176	0.047986477
35	AGTCTGAGTCCC	12	175	0.047713826
35	AGGACTCC	8	175	0.047713826
35	AGACTGAGAC	10	174	0.047441176
35	CCTAACT	7	173	0.047168525
35	CCCCCT	6	173	0.047168525
35	AACT	4	173	0.047168525
35	AGCTCAGTCG	10	172	0.046895875
35	GTTTCGCCC	9	172	0.046895875
35	GTCCCC	6	172	0.046895875
35	CCCTCCCC	8	171	0.046623224
35	GCGTTCTC	8	171	0.046623224
36	TAGAATT	7	171	0.046623224
35	AAGGCTCT	8	170	0.046350574
35	GGATCTCG	8	170	0.046350574
36	CCGAAGGT	8	168	0.045805273
36	CCCCCGGTCT	10	163	0.044442021
35	GTACGCC	7	163	0.044442021
35	GCCTGGC	7	161	0.04389672
35	GGGAGG	6	161	0.04389672
35	GGGCGGTCGTCC	12	159	0.043351419
35	AAGGGAAGGC	10	159	0.043351419
35	GCCCAGGT	8	159	0.043351419
35	GGCCTCC	7	159	0.043351419
35	GATCGGGC	8	157	0.042806118
35	AGGCGGGT	8	156	0.042533468
35	GACCGCCC	8	156	0.042533468
35	GTGCCC	6	156	0.042533468
35	GGGCGGTCGGTGCC	14	155	0.042260817
35	CCCCCGAGGGAT	12	155	0.042260817
35	GCCCCGCC	8	155	0.042260817
35	GCCT	4	155	0.042260817
35	AGGGGCGC	8	154	0.041988167
35	GGCCCC	6	153	0.041715517
35	GGGC	4	153	0.041715517
35	GGT	3	153	0.041715517
36	CCCTGGGAACCT	12	152	0.041442866
35	ATCGCTTA	8	151	0.041170216
35	AAACCCT	7	151	0.041170216
35	AGGCGCCC	8	149	0.040624915
35	CTCTAAC	7	149	0.040624915
35	CTCCCC	6	149	0.040624915
35	CCCCT	5	149	0.040624915
36	CCCCCCTT	8	148	0.040352264
36	CGCCCT	6	148	0.040352264
35	GCCCCCCC	8	147	0.040079614
35	CCCTCC	6	147	0.040079614
35	AGACC	5	147	0.040079614
35	GGGCAGG	7	146	0.039806963
35	GGGG	4	146	0.039806963
36	TTCCCCT	7	145	0.039534313
35	GGGTTGCGCCT	11	144	0.039261663
35	GACGAGCCCC	10	142	0.038716362
35	CTTCCTCT	8	142	0.038716362
35	AGGGC	5	142	0.038716362
35	AAACACCGAGAC	12	140	0.038171061
35	GCCCGGCT	8	140	0.038171061
35	GAACCCT	7	140	0.038171061
35	GTC	3	140	0.038171061
35	GCCTCCCTCAACT	13	139	0.03789841
35	CCCCCTGACACC	12	139	0.03789841
35	ACGGGT	6	139	0.03789841
36	CTAACT	6	139	0.03789841
35	GCGCCCCTCC	10	138	0.03762576
35	AGGGAGTT	8	138	0.03762576
35	GTTCCTGG	8	138	0.03762576
35	GGGGC	5	138	0.03762576
36	CCTAGGAAAAT	11	137	0.03735311
35	CCCTGACCCT	10	136	0.037080459
35	GTTAGAGC	8	136	0.037080459
35	AACGGAGC	8	135	0.036807809
35	CGAGAACT	8	134	0.036535158
36	TCCCT	5	134	0.036535158
36	TA	2	134	0.036535158
36	CCACGGTT	8	133	0.036262508
36	CCTGGCCT	8	133	0.036262508
35	AGTCCCT	7	133	0.036262508
35	GCCCGGC	7	133	0.036262508
36	TGGCCCT	7	133	0.036262508
35	AGGGGC	6	133	0.036262508
36	TAACT	5	133	0.036262508
35	ACGAGCCT	8	132	0.035989857
35	ACCCT	5	132	0.035989857
35	AAACACTGAGAC	12	131	0.035717207
35	AGACCCC	7	131	0.035717207
35	GTCC	4	131	0.035717207
35	ACCCAACCGCCC	12	130	0.035444557
35	CCTCTCGCAC	10	130	0.035444557
35	GGAGAGC	7	130	0.035444557
35	AGGGAC	6	130	0.035444557
35	GGAC	4	130	0.035444557
35	CCACTCGCTC	10	129	0.035171906
35	ACTGAGAC	8	129	0.035171906
35	AGCCGCGC	8	129	0.035171906
35	GGGCCCC	7	129	0.035171906
35	GGTCCC	6	129	0.035171906
35	GGGGAGGCC	9	128	0.034899256
35	CCGCCCC	7	128	0.034899256
35	CCTCCCC	7	128	0.034899256
35	GGGGCCT	7	128	0.034899256
35	ACCCAACCGCC	11	126	0.034353955
35	ACCAGCCT	8	126	0.034353955
35	ACCCCCCC	8	126	0.034353955
35	AGGCCGAC	8	126	0.034353955
35	CGAGAGG	7	126	0.034353955
35	GACATGC	7	126	0.034353955
35	ACCCCC	6	126	0.034353955
35	GGGGAG	6	126	0.034353955
35	GCCCT	5	126	0.034353955
36	CCTCGCCCTGGGCC	14	125	0.034081304
35	GTCCCTCACAAGC	13	125	0.034081304
35	ACTCTACCCC	10	125	0.034081304
35	CTGGAGCC	8	125	0.034081304
35	ACGAAC	6	125	0.034081304
35	CTCCC	5	125	0.034081304
35	AGTTGTCTC	9	124	0.033808654
35	GCCCACCC	8	124	0.033808654
35	GGGAAGGGA	9	123	0.033536003
35	AGAGGCCT	8	123	0.033536003
35	GACGTGCC	8	123	0.033536003
35	ACCTGCCCCCT	11	122	0.033263353
36	CGCCCCTT	8	122	0.033263353
35	GGCGGGT	7	122	0.033263353
35	GTCGGGA	7	122	0.033263353
35	AGGCCC	6	122	0.033263353
35	GGGCCT	6	122	0.033263353
35	GGCCT	5	122	0.033263353
35	AGGGGTCT	8	121	0.032990703
35	AGGTAGGA	8	121	0.032990703
36	CCCCCCCT	8	120	0.032718052
36	CCCGCCCT	8	120	0.032718052
35	ACCC	4	120	0.032718052
35	AGGCATCC	8	119	0.032445402
35	GGGGAACT	8	119	0.032445402
35	CCATCCT	7	119	0.032445402
35	GGACGGT	7	119	0.032445402
35	AGAGGGGGAG	10	118	0.032172751
35	CTCTCACCTT	10	118	0.032172751
35	CGTAGGGCT	9	118	0.032172751
35	CCTCCC	6	118	0.032172751
35	ACCTCCTT	8	117	0.031900101
35	AGGGGT	6	117	0.031900101
36	CCCTT	5	117	0.031900101
35	ATGCGGACAGGCC	13	116	0.03162745
35	AGGATTCT	8	116	0.03162745
35	AGGCCCCC	8	116	0.03162745
35	GGCAGGGA	8	116	0.03162745
35	GAGGC	5	116	0.03162745
35	AGGAGCGCACC	11	115	0.0313548
35	AGGGTCCC	8	115	0.0313548
35	CCCCCTCC	8	115	0.0313548
35	CGGAGCCC	8	115	0.0313548
35	CGTACCGT	8	115	0.0313548
36	CCCCCCAT	8	115	0.0313548
35	ACCCCTCC	8	114	0.03108215
35	GCTTTCCC	8	114	0.03108215
36	CGTGTCCT	8	114	0.03108215
35	GTCTAAC	7	114	0.03108215
36	TTCCT	5	114	0.03108215
35	GGAACTCCAGGTCC	14	113	0.030809499
35	GACTAGAAA	9	113	0.030809499
35	AGGGGTCC	8	113	0.030809499
35	GCTGAGCT	8	113	0.030809499
36	TTCTTCCT	8	113	0.030809499
35	GGACTCC	7	113	0.030809499
35	GTCCC	5	113	0.030809499
36	CCGAGACCCT	10	112	0.030536849
35	GGGGGGTC	8	112	0.030536849
35	AGGGGAC	7	112	0.030536849
36	CCCCCCT	7	112	0.030536849
36	CGCCTT	6	112	0.030536849
36	TGTT	4	112	0.030536849
35	AGAACCAGTCC	11	110	0.029991548
35	CCCTGGCC	8	110	0.029991548
35	CCGGCCT	7	110	0.029991548
35	AGGCCT	6	110	0.029991548
35	GCCTTT	6	110	0.029991548
35	CGCCC	5	110	0.029991548
35	AAGGCCCTCG	10	109	0.029718897
35	ATCCTTGA	8	109	0.029718897
35	GGTCAGAC	8	109	0.029718897
35	GTTTTCCC	8	109	0.029718897
36	TCCT	4	109	0.029718897
35	ACCCCCGTCCCG	12	108	0.029446247
35	GAAGGCCC	8	108	0.029446247
35	GTCGTCCT	8	108	0.029446247
35	GTCTGGGC	8	108	0.029446247
35	ACAAAGC	7	108	0.029446247
36	CTCGCCT	7	108	0.029446247
35	ACGGCC	6	108	0.029446247
35	CCTTTT	6	108	0.029446247
35	GCGCCT	6	108	0.029446247
36	CCTT	4	108	0.029446247
35	CCCGAGCC	8	107	0.029173597
35	GCGGCCTC	8	107	0.029173597
36	CCAGGGGT	8	107	0.029173597
36	TCCCTCT	7	107	0.029173597
35	GCCCCT	6	107	0.029173597
35	GGGTCCCACTGTTT	14	106	0.028900946
35	AGGGCCCT	8	106	0.028900946
36	ACCCTGAGCT	10	105	0.028628296
35	CTCCCCTG	8	105	0.028628296
35	GCTGTCCT	8	105	0.028628296
35	GGCCAGGC	8	105	0.028628296
36	CCTGGAAGGACCT	13	104	0.028355645
35	ACTAAAAGCC	10	104	0.028355645
35	CTCTAGCCC	9	104	0.028355645
35	ACCTCGAC	8	104	0.028355645
35	GCTTAGGG	8	104	0.028355645
35	AGGGTCC	7	104	0.028355645
35	ACCTCCCC	8	103	0.028082995
35	CCTTGACC	8	103	0.028082995
35	ACCCGCCG	8	102	0.027810344
35	CTATCTCC	8	102	0.027810344
35	GAGGGTCC	8	101	0.027537694
35	GGCGGTCC	8	101	0.027537694
35	GAAGCTT	7	101	0.027537694
36	CCCAAGGCTT	10	100	0.027265043
35	GCCTGGCC	8	100	0.027265043
35	GGAACGT	7	100	0.027265043
35	GGGGGCC	7	100	0.027265043
36	AGGGTCT	7	100	0.027265043
35	AGGTAGGCC	9	99	0.026992393
35	ATCCTTGG	8	99	0.026992393
35	GGCCGAGG	8	99	0.026992393
35	GGGAAGCC	8	99	0.026992393
35	AGGTCCC	7	99	0.026992393
35	CGGGACT	7	99	0.026992393
35	CTCGTGC	7	99	0.026992393
35	CTC	3	99	0.026992393
35	GCA	3	99	0.026992393
35	CGCCCTTCCCC	11	98	0.026719743
35	GGCCCGGT	8	98	0.026719743
35	GCCTCC	6	98	0.026719743
35	AGACT	5	98	0.026719743
35	GTCTGGCC	8	97	0.026447092
36	TTGGACT	7	97	0.026447092
35	CCCCCC	6	97	0.026447092
35	GTGGCC	6	97	0.026447092
35	CCTTCTGGCCT	11	96	0.026174442
35	ATCAGGGT	8	96	0.026174442
35	AGGCGGT	7	96	0.026174442
36	CGCGTCT	7	96	0.026174442
35	GTT	3	96	0.026174442
35	ATTCGGCC	8	95	0.025901791
35	CTTAGGGG	8	95	0.025901791
35	GAAGATCT	8	95	0.025901791
35	GCCTCGGC	8	95	0.025901791
35	GTTTGAAC	8	95	0.025901791
36	CCCACTTT	8	95	0.025901791
35	AACACCC	7	95	0.025901791
36	CCTCCCT	7	95	0.025901791
35	GCCCGT	6	95	0.025901791
36	TCGACT	6	95	0.025901791
35	ACCTCGCC	8	94	0.025629141
35	AGGGGCCC	8	93	0.02535649
35	GACAGACC	8	93	0.02535649
35	GGTTCTGC	8	93	0.02535649
36	ACTAGCTT	8	93	0.02535649
35	CATCGCC	7	93	0.02535649
35	GCTCCAC	7	93	0.02535649
36	TATTT	5	93	0.02535649
35	AGACCCCC	8	92	0.02508384
35	GCCCCAAG	8	92	0.02508384
35	GCCTCACT	8	92	0.02508384
35	GGCCGCCA	8	92	0.02508384
35	GTTTCCCC	8	92	0.02508384
36	CCGGCATT	8	92	0.02508384
35	AGAGGCTCGGGCC	13	91	0.02481119
35	GCGAGGGGCC	10	91	0.02481119
35	GCCTCCCC	8	91	0.02481119
36	TCCCCTT	7	91	0.02481119
35	ACGGAACCCC	10	90	0.024538539
35	GTGCCCTG	8	90	0.024538539
35	CCCGTG	6	90	0.024538539
35	GCCCAGAAAGGGC	13	89	0.024265889
36	CCTGCTTCAGGT	12	89	0.024265889
35	GTGAGGGCC	9	89	0.024265889
36	CCCCGGGCT	9	89	0.024265889
36	CCACGCCT	8	89	0.024265889
36	CCATAACT	8	89	0.024265889
35	CCTTGGG	7	89	0.024265889
35	GCTTGCC	7	89	0.024265889
36	TCCGGCT	7	89	0.024265889
35	GACGGC	6	89	0.024265889
35	GCGCTC	6	89	0.024265889
36	TTCCCT	6	89	0.024265889
35	GGA	3	89	0.024265889
35	CTCTTTCCCCCT	12	88	0.023993238
35	CACAAGGGGAA	11	88	0.023993238
35	GTCCTCGGGA	10	88	0.023993238
35	ATTAGGGC	8	88	0.023993238
35	GCGTCGGG	8	88	0.023993238
35	AGGGTGA	7	88	0.023993238
35	CCGCCAT	7	88	0.023993238
35	GGCACTCCCCC	11	87	0.023720588
36	CGACCCTT	8	87	0.023720588
35	CGTGGGA	7	87	0.023720588
35	GCTCGAA	7	87	0.023720588
35	GAGCC	5	87	0.023720588
35	GGCT	4	87	0.023720588
36	ACT	3	87	0.023720588
35	GCCCGCTCAGTCG	13	86	0.023447937
35	GGCCCAGT	8	86	0.023447937
36	CGAGAGGT	8	86	0.023447937
36	TCGATACT	8	86	0.023447937
35	AGTGGCC	7	86	0.023447937
35	CCGGACC	7	86	0.023447937
35	ACCCCT	6	86	0.023447937
35	GGTCGGTCC	9	85	0.023175287
35	AGCCCGCT	8	85	0.023175287
35	CGAGGCTC	8	85	0.023175287
36	CCCATCGT	8	85	0.023175287
35	CTCCCGT	7	85	0.023175287
35	CTTAGGC	7	85	0.023175287
35	GAAGGCC	7	85	0.023175287
36	TAGAGCT	7	85	0.023175287
36	CGGGCT	6	85	0.023175287
35	ACCCC	5	85	0.023175287
35	GTGCC	5	85	0.023175287
35	CTT	3	85	0.023175287
35	CTCCCTCCCC	10	84	0.022902637
36	CCTGCCCT	8	84	0.022902637
35	GTTGCCC	7	84	0.022902637
35	GCCTCCCTCAACTT	14	83	0.022629986
35	AGGGTTACGAGAC	13	83	0.022629986
35	GGCTTGGCC	9	83	0.022629986
36	TCCCTCCT	8	83	0.022629986
35	GTCGGGC	7	83	0.022629986
36	AGGGCTT	7	83	0.022629986
35	AA	2	83	0.022629986
35	CTCCGCGGACCT	12	82	0.022357336
35	GGGCTTAGGGCC	12	82	0.022357336
36	CTCGGGGCCTTT	12	82	0.022357336
35	AGGCCCGCTC	10	82	0.022357336
35	CCTCGCTAAC	10	82	0.022357336
35	ACCCCGGC	8	82	0.022357336
35	AGAGGGCT	8	82	0.022357336
35	AGGCCGCC	8	82	0.022357336
35	GCTCACCC	8	82	0.022357336
35	CCTCCCT	7	82	0.022357336
35	CTTAGGT	7	82	0.022357336
36	TGGGGGGTT	9	81	0.022084685
35	CCCCGGGC	8	81	0.022084685
36	ACTTACCT	8	81	0.022084685
36	AGGGCTTT	8	81	0.022084685
36	CCCCTCCT	8	81	0.022084685
35	AGGCTAC	7	81	0.022084685
35	GGCTTCC	7	81	0.022084685
36	AGGGTTT	7	81	0.022084685
35	GGGTT	5	81	0.022084685
36	TACT	4	81	0.022084685
36	TTT	3	81	0.022084685
35	AGGCCCGGT	9	80	0.021812035
35	ACCTCGGA	8	80	0.021812035
35	CCTGGGCT	8	80	0.021812035
36	CCTAGCTT	8	80	0.021812035
36	CGAGGTGT	8	80	0.021812035
35	AGGCACC	7	80	0.021812035
35	AGGGGCT	7	80	0.021812035
36	CTCCCCT	7	80	0.021812035
35	GGCAGCCCT	9	79	0.021539384
35	CCCTCCCT	8	79	0.021539384
35	ACGCCC	6	79	0.021539384
35	GACC	4	79	0.021539384
35	ATC	3	79	0.021539384
35	AGCTCATGAAGGGCC	15	78	0.021266734
36	CCCCTCTGCT	10	78	0.021266734
35	GGAGGCAG	8	78	0.021266734
35	GGGATG	6	78	0.021266734
35	GTCCGG	6	78	0.021266734
36	TGTCT	5	78	0.021266734
35	GAAAGACCGTGTG	13	77	0.020994083
35	CCGTCCTTGGC	11	77	0.020994083
36	ACCTTTGCCCT	11	77	0.020994083
35	ACCCGGCT	8	77	0.020994083
35	AGATTCC	7	77	0.020994083
35	CCCAGACCCAGGCC	14	76	0.020721433
35	ACTCATGCCTA	11	76	0.020721433
36	TTTCCTACCCT	11	76	0.020721433
35	ACCCCGTT	8	76	0.020721433
35	GCGCGTCC	8	76	0.020721433
35	CCGTGGC	7	76	0.020721433
36	TGCGGCT	7	76	0.020721433
35	GCCCTC	6	76	0.020721433
35	AGGGCTCGGC	10	75	0.020448783
35	CTCCGAGA	8	75	0.020448783
35	CCCTCCC	7	75	0.020448783
35	CTTCCTT	7	75	0.020448783
35	GGGGCCC	7	75	0.020448783
35	GCCTAGGGGCTG	12	74	0.020176132
35	AGGGGACC	8	74	0.020176132
36	TATCGGAT	8	74	0.020176132
35	CCTTGGC	7	74	0.020176132
35	CCCTC	5	74	0.020176132
35	CTTCGGGCT	9	73	0.019903482
35	AGGGGGTC	8	73	0.019903482
35	GACCGGCC	8	73	0.019903482
36	CCCGGGCT	8	73	0.019903482
35	ACCGCATCTT	10	72	0.019630831
35	GCCTTGTGT	9	72	0.019630831
35	ACTTGGAG	8	72	0.019630831
35	AGGGACCG	8	72	0.019630831
35	CCCCTGGA	8	72	0.019630831
35	GCCCCCTC	8	72	0.019630831
35	GCCTGCCC	8	72	0.019630831
35	GGAGGGGC	8	72	0.019630831
35	GTCCCTGG	8	72	0.019630831
35	GTCCCCC	7	72	0.019630831
36	TTGGGCT	7	72	0.019630831
35	GTCT	4	72	0.019630831
35	ACTCTCGGTTT	11	71	0.019358181
35	CTGGGCAGTC	10	71	0.019358181
36	AGCGGGAT	8	71	0.019358181
35	ATGGAAC	7	71	0.019358181
35	GCCCCCC	7	71	0.019358181
35	GGCCCCC	7	71	0.019358181
36	CCTCCCCT	8	70	0.01908553
35	CCCGCCC	7	70	0.01908553
35	CCTACCT	7	70	0.01908553
35	CTACCCC	7	70	0.01908553
35	GGTCC	5	70	0.01908553
35	AAC	3	70	0.01908553
36	CTCAGTCTAACCCTT	15	69	0.01881288
35	CCCCCGAGGGA	11	69	0.01881288
35	GGGGTCGGC	9	69	0.01881288
35	ACCTGGGC	8	69	0.01881288
35	CCTAAACC	8	69	0.01881288
35	GCCTACCT	8	69	0.01881288
36	CCTCCCTT	8	69	0.01881288
35	AGCCCCC	7	69	0.01881288
35	GTCGCTTGCCC	11	68	0.01854023
35	GCCACCTCC	9	68	0.01854023
35	AGGGAGGC	8	68	0.01854023
35	CCCGGAGC	8	68	0.01854023
35	CGAGCTTT	8	68	0.01854023
35	GCCGTCCT	8	68	0.01854023
35	GCTCCCCC	8	68	0.01854023
36	TGCGCCGT	8	68	0.01854023
35	CCTAAGC	7	68	0.01854023
35	GCTCGGA	7	68	0.01854023
35	GTTAGAC	7	68	0.01854023
36	TTCGACT	7	68	0.01854023
35	ATCCCT	6	68	0.01854023
36	CGCCT	5	68	0.01854023
36	TAGAGCTAGACT	12	67	0.018267579
35	GGCCTAGGGTT	11	67	0.018267579
35	AGGGGGCCCT	10	67	0.018267579
35	CCCAAGGA	8	67	0.018267579
35	GCCCGCCC	8	67	0.018267579
36	TTGAGGGT	8	67	0.018267579
35	GGAGAAC	7	67	0.018267579
36	CGGCCCT	7	67	0.018267579
35	GGAGGC	6	67	0.018267579
35	GGGGGA	6	67	0.018267579
36	AGCCTT	6	67	0.018267579
35	CTTAGGCTC	9	66	0.017994929
35	AGGACCCT	8	66	0.017994929
35	CCTAGCCC	8	66	0.017994929
36	ACACCTTT	8	66	0.017994929
36	TCGCCCTT	8	66	0.017994929
35	CCTGGCC	7	66	0.017994929
35	GGTCCCC	7	66	0.017994929
36	TACCCTT	7	66	0.017994929
35	ACGTCC	6	66	0.017994929
35	GCGTCC	6	66	0.017994929
35	GGGTCC	6	66	0.017994929
35	CCCCTGGGGAA	11	65	0.017722278
35	ACCTCAGG	8	65	0.017722278
35	CTTACTCG	8	65	0.017722278
35	AATGGGC	7	65	0.017722278
35	CCCGGGC	7	65	0.017722278
35	CTCCTC	6	65	0.017722278
35	GACCAC	6	65	0.017722278
36	CTCCT	5	65	0.017722278
35	CCCCCTGTCCCT	12	64	0.017449628
35	AGCCTGGCTGA	11	64	0.017449628
35	GCTTCGGGCAC	11	64	0.017449628
35	AGGCTGTCCC	10	64	0.017449628
36	ACAGCCCTTT	10	64	0.017449628
35	GGCTCAGAC	9	64	0.017449628
36	CCTTGTCTT	9	64	0.017449628
35	AGGGGGAC	8	64	0.017449628
35	AGTGGCCC	8	64	0.017449628
35	CCCCCCAC	8	64	0.017449628
35	GCGAGGCT	8	64	0.017449628
36	AGGACGCT	8	64	0.017449628
35	GCCTCCC	7	64	0.017449628
35	GGGGGTC	7	64	0.017449628
35	AGT	3	64	0.017449628
36	TAGAGCTAGAGACT	14	63	0.017176977
35	GGCAAGGGAGGCC	13	63	0.017176977
35	CCCTAACACC	10	63	0.017176977
35	GGCCGGCTC	9	63	0.017176977
35	GGTGGCCCT	9	63	0.017176977
35	ACCGAGAC	8	63	0.017176977
35	CCATGACT	8	63	0.017176977
35	CCCTTCCC	8	63	0.017176977
35	AGGCCCT	7	63	0.017176977
35	CTTTTCC	7	63	0.017176977
35	GCTTCGC	7	63	0.017176977
36	CGTTCCT	7	63	0.017176977
35	AAGGCCCTCGGTCCC	15	62	0.016904327
35	AGACGGACGA	10	62	0.016904327
35	ACCCGCCT	8	62	0.016904327
35	GGCCGCCC	8	62	0.016904327
35	GGGCGACG	8	62	0.016904327
36	CGGCCTGT	8	62	0.016904327
35	AGGAAGA	7	62	0.016904327
35	AGGGACT	7	62	0.016904327
35	AGTCGCC	7	62	0.016904327
35	GGTTTTC	7	62	0.016904327
36	CTTACTT	7	62	0.016904327
35	ACCGCC	6	62	0.016904327
35	AGGAGC	6	62	0.016904327
35	GGCCTT	6	62	0.016904327
35	GGGGAC	6	62	0.016904327
35	GGGGAAGGTCCC	12	61	0.016631677
35	GCCCCCTTCC	10	61	0.016631677
36	CCAGGGTCT	9	61	0.016631677
35	GTTCGCCT	8	61	0.016631677
36	CCCTCCCT	8	61	0.016631677
35	CCCGCGG	7	61	0.016631677
35	GTGCCCC	7	61	0.016631677
36	TCCGGTT	7	61	0.016631677
35	CCCT	4	61	0.016631677
35	ACTTGTGGCCC	11	60	0.016359026
35	GGGCCGGCC	9	60	0.016359026
35	AGGCGGGC	8	60	0.016359026
35	CCCAAGAC	8	60	0.016359026
35	CCCTCGGA	8	60	0.016359026
35	GGAGGGCA	8	60	0.016359026
36	TAGACTTA	8	60	0.016359026
35	AGGGAAC	7	60	0.016359026
35	ATGCCTC	7	60	0.016359026
35	CCCCGGC	7	60	0.016359026
35	GGGTCAC	7	60	0.016359026
36	CACCCCT	7	60	0.016359026
35	GCCTGC	6	60	0.016359026
35	GGGAC	5	60	0.016359026
36	CCGGGGAAGGTCG	13	59	0.016086376
36	CCCCAGGCCT	10	59	0.016086376
35	CTCCGGGCC	9	59	0.016086376
35	GGTTAGTG	8	59	0.016086376
36	TCGGTCCT	8	59	0.016086376
35	AGCGGGC	7	59	0.016086376
35	AGGAGGA	7	59	0.016086376
35	CTGGACT	7	59	0.016086376
35	CTTCTCC	7	59	0.016086376
35	GCGGGCC	7	59	0.016086376
35	GTTCCCC	7	59	0.016086376
36	TTTCCCT	7	59	0.016086376
35	AACTTA	6	59	0.016086376
35	CTGCC	5	59	0.016086376
35	AGGC	4	59	0.016086376
35	CTCACGAGAC	10	58	0.015813725
35	CCGCGGGC	8	58	0.015813725
35	GAACCGGA	8	58	0.015813725
35	GGAAGGGC	8	58	0.015813725
35	GGGAATGG	8	58	0.015813725
36	TGGGGCCT	8	58	0.015813725
35	ATGCCCC	7	58	0.015813725
35	CCTACAG	7	58	0.015813725
35	CGTCCCC	7	58	0.015813725
35	CTGACGT	7	58	0.015813725
36	TCCCCCT	7	58	0.015813725
36	TGGCTCT	7	58	0.015813725
35	AGGTCC	6	58	0.015813725
35	GACTAC	6	58	0.015813725
35	GAGGGA	6	58	0.015813725
35	GATCCC	6	58	0.015813725
35	AGCC	4	58	0.015813725
35	CCCCCTGGCTCGCCC	15	57	0.015541075
35	GGGCTTGCCC	10	57	0.015541075
36	TCGGGCCCCT	10	57	0.015541075
35	CCCTAGGG	8	57	0.015541075
35	GCCCTCCC	8	57	0.015541075
35	GCTTACGA	8	57	0.015541075
35	AGTCCCC	7	57	0.015541075
35	CCCCCCT	7	57	0.015541075
35	CCGGCCC	7	57	0.015541075
35	CGACGGG	7	57	0.015541075
35	CTTAGAC	7	57	0.015541075
35	GGAGCCC	7	57	0.015541075
35	GTCCTCC	7	57	0.015541075
36	TACCTTT	7	57	0.015541075
36	TCGGCCT	7	57	0.015541075
35	CTACCC	6	57	0.015541075
35	GCAGCC	6	57	0.015541075
35	ACTT	4	57	0.015541075
35	ACCCCCGTCCCT	12	56	0.015268424
35	GGCTCTCAGC	10	56	0.015268424
35	ACCTTCCC	8	56	0.015268424
35	ATTTGGCC	8	56	0.015268424
35	GCCTGACT	8	56	0.015268424
35	GGGAGACC	8	56	0.015268424
35	GTACGTAC	8	56	0.015268424
36	CATTCCCT	8	56	0.015268424
35	AGCCCTT	7	56	0.015268424
35	AGGATGG	7	56	0.015268424
35	CGGCCTC	7	56	0.015268424
36	CGGGCCT	7	56	0.015268424
35	AGGACC	6	56	0.015268424
35	CCGTAC	6	56	0.015268424
36	CGTCTT	6	56	0.015268424
35	CACCC	5	56	0.015268424
35	CCCTT	5	56	0.015268424
36	CG	2	56	0.015268424
35	CTCTAACGCT	10	55	0.014995774
35	GCTCGCAGAC	10	55	0.014995774
35	ACTTGTGGC	9	55	0.014995774
35	AGTTGGTTT	9	55	0.014995774
35	ACCCGCCC	8	55	0.014995774
35	AGATGCGT	8	55	0.014995774
36	CTTGCCCT	8	55	0.014995774
35	AGGGATC	7	55	0.014995774
35	GACAGCC	7	55	0.014995774
35	GACCGCC	7	55	0.014995774
35	GCCAGGC	7	55	0.014995774
35	AAGGCC	6	55	0.014995774
35	GGAGCC	6	55	0.014995774
36	CCGCCT	6	55	0.014995774
36	CCCCCCAGCCCT	12	54	0.014723123
35	AGGCCTTCCGG	11	54	0.014723123
35	ATTTGGGGGC	10	54	0.014723123
36	CCCCCGGCCT	10	54	0.014723123
35	AGACCGGCT	9	54	0.014723123
35	AAGCCTAA	8	54	0.014723123
35	GCCCTTGC	8	54	0.014723123
35	GCTTGAGC	8	54	0.014723123
35	GGACCCGC	8	54	0.014723123
35	GTACCCCT	8	54	0.014723123
35	GTCCCTTT	8	54	0.014723123
35	CCACGAT	7	54	0.014723123
35	AGGGCT	6	54	0.014723123
35	CCGTCC	6	54	0.014723123
35	CGAGCC	6	54	0.014723123
35	CTTCTT	6	54	0.014723123
35	GTCCCT	6	54	0.014723123
35	GTTC	4	54	0.014723123
35	AGACCCCCGTC	11	53	0.014450473
35	GGAGAGGTCC	10	53	0.014450473
35	AGACTTCC	8	53	0.014450473
35	CCTGGACC	8	53	0.014450473
35	CTCGTCCC	8	53	0.014450473
35	GACGGGGC	8	53	0.014450473
35	GCTTTCCT	8	53	0.014450473
35	AGACCCT	7	53	0.014450473
35	CAGGGGC	7	53	0.014450473
35	GCTAGCC	7	53	0.014450473
36	TTCTCTT	7	53	0.014450473
36	CCCGTT	6	53	0.014450473
35	CTGTCTCTCAGGCCC	15	52	0.014177823
35	GGCCTAGGGTTGC	13	52	0.014177823
35	CTCCGCGGACCC	12	52	0.014177823
36	TTTCCTACCCTT	12	52	0.014177823
35	ACCCGTCGTCC	11	52	0.014177823
35	CCCCTCGGA	9	52	0.014177823
35	ACCGGCCA	8	52	0.014177823
35	AGCCTGGC	8	52	0.014177823
35	AGGAAGCC	8	52	0.014177823
35	AAAGGGC	7	52	0.014177823
35	AAGGGCA	7	52	0.014177823
35	AAGGTCC	7	52	0.014177823
35	GACGAGA	7	52	0.014177823
35	GAGGGCC	7	52	0.014177823
35	GGACCCC	7	52	0.014177823
35	GCCGGC	6	52	0.014177823
36	ACCTCT	6	52	0.014177823
36	CTCCCT	6	52	0.014177823
35	ACCCCTCCCGGC	12	51	0.013905172
35	GTTCCCTGGCCC	12	51	0.013905172
36	CTTGCGTTCCTC	12	51	0.013905172
35	ACGGCCCT	8	51	0.013905172
35	GCCTCAGT	8	51	0.013905172
35	GCTAGGCC	8	51	0.013905172
35	GGCCTTCG	8	51	0.013905172
36	CCCCGTTT	8	51	0.013905172
36	CGGACCCT	8	51	0.013905172
35	ACTCGCC	7	51	0.013905172
35	CCCGCGC	7	51	0.013905172
35	GAGGGGC	7	51	0.013905172
36	CTGCTCT	7	51	0.013905172
36	TCCTCCT	7	51	0.013905172
35	CTCGGT	6	51	0.013905172
36	CTTTT	5	51	0.013905172
