35	CC	2	31443	2.994018248
35	CT	2	13224	1.25919592
35	GC	2	8973	0.854413565
35	GT	2	7817	0.744338665
35	GG	2	7266	0.691872168
36	CT	2	4420	0.420874619
35	GCC	3	4399	0.418874989
35	GGGGCC	6	4099	0.390308838
36	TT	2	4074	0.387928326
35	GGGGGC	6	3783	0.36021916
36	T	1	2797	0.266331744
35	G	1	2688	0.25595271
35	C	1	2671	0.254333961
35	AAGAGGAA	8	2368	0.225482149
35	GATCGGCC	8	2133	0.203105331
35	AGGCCCA	7	2050	0.195202029
35	AGCTTGGCC	9	2047	0.194916368
35	GGTCTTGCCCC	11	1974	0.187965271
35	GCTGTCCT	8	1969	0.187489169
35	AGGGCCCC	8	1923	0.183109026
35	CCCGAGAT	8	1920	0.182823364
35	GGGCC	5	1878	0.178824103
35	AGAGTCCC	8	1839	0.175110503
35	AC	2	1826	0.173872637
35	GCCCCCCC	8	1810	0.172349109
35	CG	2	1797	0.171111242
35	GA	2	1761	0.167683304
35	CCGGGCTA	8	1698	0.161684413
35	GCCGGGGA	8	1630	0.155209418
35	GGGGTTAGGCC	11	1511	0.143878179
35	GGAGGACC	8	1499	0.142735533
35	CCC	3	1430	0.136165318
35	GGGCCCCT	8	1387	0.132070836
35	ACGGGT	6	1370	0.130452088
35	CTTCCTCT	8	1358	0.129309442
35	AGGCCCC	7	1325	0.126167165
35	AGGGCTGGCT	10	1310	0.124738858
35	GGCCCC	6	1287	0.122548786
35	CCACTTT	7	1277	0.121596581
35	A	1	1274	0.12131092
35	AGGGGGCCCT	10	1217	0.115883351
35	GTACCGGC	8	1199	0.114169382
35	ACCTCCCT	8	1170	0.111407987
35	CCCCCCGCCT	10	1161	0.110551003
35	ACTGAGAC	8	1159	0.110360562
36	CTTAGGGCTACT	12	1154	0.109884459
36	CCGAAGGT	8	1134	0.107980049
35	GGGCCC	6	1116	0.10626608
36	CCTCCTGGCT	10	1113	0.105980419
36	CCTCGCCCTGGGCC	14	1097	0.104456891
35	AGTCTGAGTCCC	12	1091	0.103885568
35	GGCCC	5	1086	0.103409465
35	GGC	3	1085	0.103314245
35	GGGCCCC	7	1077	0.102552481
35	ACCTCACT	8	1060	0.100933732
35	GGCTACGGGG	10	1053	0.100267189
35	GGCCCCC	7	1053	0.100267189
35	AGCTCAGTCG	10	1042	0.099219763
36	AACGCCCTGTTT	12	1038	0.098838881
35	GGGGCTCTCGGCTC	14	1036	0.09864844
35	GGCTGCC	7	1021	0.097220133
35	GCCTTTGTCG	10	1005	0.095696605
35	GGGGGGTC	8	1003	0.095506164
35	GGGCTCTCCCCC	12	954	0.090840359
35	CGGGACT	7	953	0.090745139
35	GTCGGGCC	8	943	0.089792933
35	GGAACTCCAGGTCC	14	940	0.089507272
35	CCTCGGAT	8	940	0.089507272
35	CTTTGGC	7	937	0.08922161
35	GACCCC	6	933	0.088840728
35	GAGGGTTCTACC	12	928	0.088364626
35	GGTCCCCGGGCC	12	926	0.088174185
36	CCT	3	926	0.088174185
35	GTTTGGCT	8	923	0.087888523
35	AGGTAGAC	8	920	0.087602862
35	GCCCAGAAAGGGC	13	914	0.087031539
35	AAACTGGTTCTTT	13	911	0.086745877
35	GTTTTCCC	8	909	0.086555436
35	GCCCCC	6	896	0.08531757
35	GGGGACCC	8	893	0.085031908
35	AT	2	893	0.085031908
35	GCGGCC	6	889	0.084651026
35	AAGGCCCTCG	10	885	0.084270144
35	GGGCCCCC	8	883	0.084079703
35	GGCCGCCA	8	880	0.083794042
35	CCCCGGTCCC	10	878	0.083603601
35	AGGTACTG	8	876	0.08341316
35	ACCCTGTC	8	866	0.082460955
36	TACGCCT	7	864	0.082270514
35	AGAC	4	863	0.082175293
35	GCCCGGGCGGGCCC	14	861	0.081984852
35	GGGGCCT	7	860	0.081889632
35	GGCCTCC	7	852	0.081127868
35	GGCCCGGT	8	843	0.080270883
35	CCCTTCTT	8	840	0.079985222
35	CCCCC	5	823	0.078366473
35	AGGCGGCC	8	814	0.077509489
35	GGTCGGTCC	9	812	0.077319048
35	GTAAGGCC	8	811	0.077223827
35	CTTCGGGA	8	808	0.076938166
35	GCCCC	5	796	0.07579552
36	TAGAGGT	7	793	0.075509858
35	GTCGCTTGCCC	11	780	0.074271992
35	AGCCCGGGCGGCCTT	15	778	0.074081551
35	GGGGAAGGGC	10	778	0.074081551
35	ACCTTACC	8	773	0.073605448
35	GGGCACCT	8	771	0.073415007
36	TGGGCCT	7	768	0.073129346
35	CCGTGACC	8	762	0.072558023
35	AGGCGCCC	8	761	0.072462802
35	GGAGGCA	7	758	0.072177141
35	GGCC	4	758	0.072177141
35	GGGCAGG	7	753	0.071701038
35	GTCCTCC	7	752	0.071605818
35	AGTTGTCTC	9	748	0.071224936
36	TTGGTCT	7	747	0.071129715
35	GACCTCGT	8	737	0.07017751
35	GTCGGCGGCCTT	12	719	0.068463541
35	ATCCAAAAAC	10	716	0.06817788
35	AGGGCCC	7	713	0.067892218
35	AATGGGC	7	710	0.067606557
35	AGGGGGC	7	708	0.067416115
35	GCTCCAC	7	707	0.067320895
35	CCCGAGCC	8	700	0.066654351
35	GGGGCCC	7	698	0.06646391
35	ACCCAACCGCC	11	697	0.06636869
35	GGGGAACC	8	687	0.065416485
35	CCCTCGGA	8	675	0.064273839
35	GGTCTTGGGCCC	12	673	0.064083398
35	AGGTTCCC	8	673	0.064083398
35	GGGCCT	6	671	0.063892957
35	GCCTTGCCC	9	669	0.063702516
35	GGCCGGCTC	9	669	0.063702516
36	CCCACCTT	8	665	0.063321634
35	CA	2	662	0.063035972
35	GCTTCGGGCAC	11	661	0.062940752
35	GCCCCACA	8	659	0.062750311
35	GGGGGCC	7	656	0.062464649
35	AGACCCCCGTC	11	646	0.061512444
36	CCCAAGGCTT	10	646	0.061512444
36	CCCCCCTT	8	646	0.061512444
35	GCCC	4	645	0.061417224
35	GTTTGAAC	8	641	0.061036342
35	GACTAGAAA	9	640	0.060941121
35	GCCCGGC	7	633	0.060274578
35	CCCGGCCC	8	624	0.059417593
35	GAC	3	624	0.059417593
35	GGTCCTTT	8	620	0.059036711
35	AGTCGCCC	8	617	0.05875105
35	GCCTCCCTCAACT	13	609	0.057989286
35	GACCC	5	605	0.057608404
35	AGGGGTCT	8	604	0.057513183
35	GGGGCCCC	8	602	0.057322742
35	GTCCAGGCC	9	596	0.056751419
35	AGACCCCC	8	596	0.056751419
35	GGCTTCC	7	593	0.056465758
35	ATCTAACGT	9	580	0.055227891
35	AGGCCCCC	8	580	0.055227891
35	CCCTTAGC	8	580	0.055227891
35	AGAGGCCT	8	574	0.054656568
35	AGGGACC	7	574	0.054656568
35	ACCCCCCC	8	572	0.054466127
35	GGGGTCGGC	9	571	0.054370907
35	GCTTGGGTTT	10	563	0.053609143
35	AAACCCT	7	563	0.053609143
35	CCGGGGAC	8	557	0.05303782
35	GAGGCC	6	556	0.052942599
35	ACTCTCGGTTT	11	554	0.052752158
35	CTTCGGGCT	9	546	0.051990394
35	CCCCCT	6	544	0.051799953
35	CCCCTGCT	8	541	0.051514292
35	GTTCCC	6	538	0.05122863
36	AGGGCTTT	8	536	0.051038189
36	CGCAGGTT	8	536	0.051038189
36	TTAGAGGTTA	10	535	0.050942969
36	CTAACCCTCTAACT	14	532	0.050657307
35	CCT	3	532	0.050657307
35	GGGC	4	531	0.050562087
35	CCCCCCGCCTAGCC	14	527	0.050181205
35	GGCCCCTCTAAC	12	525	0.049990764
36	TAGACT	6	523	0.049800323
35	CCCGGGAGGTC	11	520	0.049514661
35	GGCCCCTC	8	520	0.049514661
35	GCCCCCTC	8	509	0.048467236
35	GCCCTCCC	8	509	0.048467236
36	TCCAGGCCT	9	505	0.048086354
35	ACCCAACCGCCC	12	504	0.047991133
35	GCCCAGGT	8	504	0.047991133
35	GTC	3	502	0.047800692
35	ACTCCCC	7	496	0.047229369
35	AG	2	496	0.047229369
35	AGGGGGCC	8	494	0.047038928
35	ACAGGCCT	8	493	0.046943708
35	GACCTC	6	489	0.046562826
35	GGCGTC	6	488	0.046467605
35	ATTCCAGGGC	10	485	0.046181944
35	ACTCTACCCC	10	481	0.045801062
35	CCCC	4	481	0.045801062
36	CCCCGGGCT	9	478	0.0455154
35	AAGCCTAACCT	11	477	0.04542018
35	GGGGGCT	7	472	0.044944077
36	AAGAGCT	7	470	0.044753636
35	CCCCCTCC	8	469	0.044658415
35	GCGAGGGGCC	10	467	0.044467974
35	GGGGC	5	467	0.044467974
35	GGCCAGGC	8	466	0.044372754
35	ATCAGCCCCC	10	461	0.043896651
35	CCTACCCC	8	459	0.04370621
35	GGCCGCCC	8	458	0.04361099
36	CGTCCTCT	8	458	0.04361099
35	CTCTAAC	7	458	0.04361099
35	GGGGA	5	458	0.04361099
36	CCTAGGAAAAT	11	457	0.043515769
35	AAACACCGAGAC	12	455	0.043325328
35	GCCCCCC	7	454	0.043230108
36	CCCCCT	6	454	0.043230108
35	ACCTCCTT	8	451	0.042944446
35	GGGGGCTT	8	450	0.042849226
35	GTTCAACC	8	450	0.042849226
35	AGGGGT	6	448	0.042658785
35	CCGCGGGC	8	446	0.042468344
35	GCGTTCTC	8	446	0.042468344
36	ACCTTGACCT	10	444	0.042277903
35	CCCCCCC	7	442	0.042087462
35	GGGGAAGGTCCC	12	438	0.04170658
35	GGTTCTTTTCTC	12	438	0.04170658
35	GCCCGGCC	8	438	0.04170658
35	GTCCCCCCCC	10	436	0.041516139
35	ACGAGCCT	8	434	0.041325698
36	CCCTGGGAACCT	12	433	0.041230477
36	CTCCCGCCGT	10	431	0.041040036
35	AGACTGAGAC	10	430	0.040944816
35	ACCCGGCC	8	430	0.040944816
36	CCCATCCT	8	430	0.040944816
35	AGGGCTCT	8	429	0.040849595
35	GGGAAGCC	8	429	0.040849595
35	GCT	3	427	0.040659154
35	GCCTCTCGGCCCC	13	425	0.040468713
35	GCCCGGGTCCAGGTC	15	424	0.040373493
35	GCTTGACC	8	424	0.040373493
35	ACCCAGGG	8	422	0.040183052
35	ATCCGCGT	8	422	0.040183052
35	CTTGAAT	7	420	0.039992611
35	GACCTCT	7	417	0.039706949
35	GCTTCGGGCACAGCC	15	415	0.039516508
35	GCCTTCCC	8	415	0.039516508
36	CCCTTAGGCT	10	414	0.039421288
35	ACTTTGCCCCCTC	13	413	0.039326067
35	GCCCTCGGC	9	413	0.039326067
36	TAGACCCT	8	412	0.039230847
35	CTTCGGGC	8	410	0.039040406
35	CTAGCT	6	409	0.038945185
36	CCCCT	5	408	0.038849965
36	AGGGCTT	7	407	0.038754744
35	ACC	3	406	0.038659524
35	GGACCCC	7	405	0.038564303
35	CCCCCC	6	404	0.038469083
35	GGTAGGCC	8	403	0.038373862
35	GGTAAACCC	9	402	0.038278642
36	TCCCCTCT	8	402	0.038278642
35	ATGTTTTTTC	10	399	0.03799298
35	GCTCGGGCG	9	398	0.03789776
35	GGGGGGGTT	9	397	0.037802539
35	AGGCCCT	7	393	0.037421657
35	AGGGGCC	7	391	0.037231216
35	AGGTAGGA	8	389	0.037040775
35	AGGGCTT	7	389	0.037040775
35	GGGTTGGCCC	10	388	0.036945555
35	GGTCCCC	7	388	0.036945555
35	CGAGAACT	8	387	0.036850334
35	AGGGCCT	7	386	0.036755114
35	AGAGGCTCGGGCC	13	385	0.036659893
35	GGCCTTTGC	9	385	0.036659893
35	GGGG	4	385	0.036659893
35	CCCTAGGG	8	384	0.036564673
35	AGCCCCCC	8	383	0.036469452
35	AGGGGACCGAT	11	380	0.036183791
35	GGGAAAAACCC	11	378	0.03599335
35	CCCTTCCC	8	378	0.03599335
35	AGGGCC	6	377	0.035898129
35	GATCGGGC	8	375	0.035707688
35	AGACCCC	7	374	0.035612468
35	GGAGGCAG	8	373	0.035517247
36	CCCGCCT	7	373	0.035517247
35	AGGGAGTT	8	372	0.035422027
36	AGGAAGAT	8	372	0.035422027
35	CCCGCGGG	8	371	0.035326806
35	GGCCCCT	7	371	0.035326806
35	GTCCCC	6	371	0.035326806
35	ACCCCTCCCGGC	12	368	0.035041145
35	CTCCGGGCC	9	368	0.035041145
35	CGAGGCTC	8	368	0.035041145
35	GGGCCTTGGTC	11	367	0.034945924
35	GGCCCCCC	8	365	0.034755483
35	GGCAAGGGAGGCC	13	364	0.034660263
35	AGGGGCGC	8	360	0.034279381
35	CTCCGCGGACCC	12	359	0.03418416
35	CCGGACC	7	358	0.03408894
35	AGCCGGCCCC	10	357	0.033993719
35	CTCGTGC	7	357	0.033993719
35	GACGCT	6	357	0.033993719
35	GACGAGCCCC	10	356	0.033898499
35	GCCCTGGA	8	355	0.033803278
35	AGGCCTT	7	355	0.033803278
35	AGATCTACCCC	11	352	0.033517617
35	ATGGCCAACGGTCTC	15	351	0.033422396
36	TCGGGCCCCT	10	351	0.033422396
35	GTTAGAGC	8	351	0.033422396
35	GTCCGAACTT	10	350	0.033327176
36	CCCCTCTGCT	10	349	0.033231955
35	GCCCGGGC	8	347	0.033041514
35	CCCCGCC	7	347	0.033041514
35	CCCCCAT	7	346	0.032946294
35	GCCCCCCT	8	345	0.032851073
35	GCCCCGT	7	344	0.032755853
35	GGGTCC	6	344	0.032755853
35	ATCGCTTA	8	341	0.032470191
35	GAAGGCC	7	341	0.032470191
35	GCTCCCCC	8	340	0.032374971
35	ATGCGGACAGGCC	13	339	0.03227975
35	GGCTCTCAGC	10	338	0.03218453
35	ACCCCC	6	338	0.03218453
35	GGTGGCCCT	9	336	0.031994089
35	AGGGGC	6	336	0.031994089
35	GCCCGGT	7	335	0.031898868
35	GCGTGT	6	335	0.031898868
36	CGCCCCGGGGT	11	334	0.031803648
35	GTTGCCC	7	334	0.031803648
35	AAGTTACC	8	333	0.031708427
35	GACCTCCC	8	332	0.031613207
35	GGGGGGAACC	10	330	0.031422766
36	CGCCCCT	7	329	0.031327545
35	ACTGGGC	7	328	0.031232325
35	GGCTCTCC	8	327	0.031137104
36	TGGCCTT	7	326	0.031041884
35	AAGGCGGTAAAGCC	14	325	0.030946663
35	AGTCTAAC	8	325	0.030946663
35	GCCTTCCT	8	325	0.030946663
35	GGGAGTCGGCTTTCT	15	324	0.030851443
35	CCCGGAGC	8	324	0.030851443
35	GGGAGGT	7	323	0.030756222
35	AAGCCT	6	323	0.030756222
35	AGGCCC	6	323	0.030756222
35	AGAGGGGGAG	10	322	0.030661002
35	GCCCAGAC	8	321	0.030565781
35	GCGGCCTC	8	320	0.030470561
35	GGGGAAC	7	320	0.030470561
35	ACCCC	5	320	0.030470561
35	GTCCCTTT	8	319	0.03037534
35	CCTCTTGGCCCT	12	316	0.030089679
35	CGGCCTC	7	316	0.030089679
35	CTCCCC	6	314	0.029899238
36	CGCGAGGT	8	312	0.029708797
35	GGGGTCGGTCC	11	310	0.029518356
35	AGGCTCCGGCC	11	308	0.029327915
35	GGGGGT	6	305	0.029042253
35	GCCTCCCTCAACTT	14	304	0.028947033
35	AGCTCCCT	8	303	0.028851812
35	GCCTTT	6	303	0.028851812
35	GGCTTGCTT	9	302	0.028756592
35	CCCCCTGG	8	301	0.028661371
35	GGGAGG	6	301	0.028661371
35	GGCCGAGTCTCC	12	300	0.028566151
35	ACTTTT	6	299	0.02847093
35	GGCCCCCCCCT	11	297	0.028280489
35	AGGGGACC	8	296	0.028185269
35	GGGCCCT	7	296	0.028185269
35	GGGCCCCTGCCC	12	295	0.028090048
36	CCTGGAAGGAT	11	295	0.028090048
35	GCTTTCCT	8	295	0.028090048
35	GGCGGTCC	8	295	0.028090048
36	CGCCCT	6	295	0.028090048
35	AGCCTGGC	8	294	0.027994828
36	CCCT	4	293	0.027899607
35	GAGGCCCC	8	292	0.027804387
35	GGAGGGCA	8	291	0.027709166
35	GGGAC	5	291	0.027709166
35	AAACACTGAGAC	12	289	0.027518725
35	ACCGCCC	7	289	0.027518725
35	GGCCCT	6	289	0.027518725
35	GGCTCC	6	289	0.027518725
35	CCCCT	5	289	0.027518725
35	GGACCCGC	8	288	0.027423505
36	TCCGATCG	8	288	0.027423505
35	GGCTGGAAGGGC	12	286	0.027233064
36	TTCTTCCT	8	286	0.027233064
35	GGCCT	5	284	0.027042623
35	ACTAGTCT	8	281	0.026756961
35	AGGCCCCTTATCC	13	280	0.026661741
35	CCCCGGC	7	280	0.026661741
35	AAAGGGGC	8	279	0.02656652
35	GGCCCGGG	8	279	0.02656652
35	CCCCCCT	7	278	0.0264713
35	GTCC	4	278	0.0264713
35	AGATCTCC	8	277	0.026376079
35	AGCCCTTCCA	10	276	0.026280859
35	AGGGTCCC	8	276	0.026280859
36	CCCACTTT	8	276	0.026280859
35	AGGCACC	7	275	0.026185638
35	ACCCGTGGTT	10	273	0.025995197
35	GGAGGCC	7	273	0.025995197
35	GGAGGGCC	8	272	0.025899977
35	GGGGGCCT	8	271	0.025804756
35	GGGGCCACCC	10	270	0.025709536
35	CCGGCCC	7	270	0.025709536
35	GGCTTCCC	8	269	0.025614315
35	GTCTGGGC	8	269	0.025614315
35	GGT	3	269	0.025614315
36	CCTCGGGTCTTT	12	268	0.025519095
35	AGTCGCC	7	268	0.025519095
35	GGCGGGT	7	268	0.025519095
35	GGTCAGCCCCCT	12	267	0.025423874
35	AAGGCTCT	8	267	0.025423874
35	ATCAGGGT	8	267	0.025423874
35	ACCTCTCCGGG	11	266	0.025328654
35	GTCGGGGC	8	266	0.025328654
35	GGTCCC	6	266	0.025328654
35	GGCCTGTCC	9	265	0.025233433
35	GGCCCCCT	8	265	0.025233433
35	GGAGAGC	7	265	0.025233433
36	CCCCTT	6	265	0.025233433
35	GGGTTGCGCCT	11	264	0.025138213
35	CCTTGGAC	8	264	0.025138213
35	GGCTCCAA	8	264	0.025138213
35	ACGTCCCC	8	263	0.025042992
35	AGGCCGAC	8	263	0.025042992
35	CCCTCGTTTGGG	12	262	0.024947772
35	AGTGGCCC	8	262	0.024947772
36	CTCAGTCT	8	260	0.024757331
35	GCGCC	5	260	0.024757331
35	AGGGGCCTC	9	259	0.02466211
35	CCCCGCCC	8	259	0.02466211
35	GGGCCTT	7	259	0.02466211
35	GCCTCCC	7	258	0.02456689
35	GAGAGAGGAAAA	12	257	0.024471669
35	ACCTCCCC	8	255	0.024281228
35	ATTTGGCC	8	255	0.024281228
35	GGGCGGT	7	255	0.024281228
35	CTAGGGCCTC	10	254	0.024186008
35	AGGCCCGGT	9	254	0.024186008
35	ACCCGCCG	8	254	0.024186008
35	GTCTATTCCC	10	253	0.024090787
35	GGG	3	253	0.024090787
35	CTCCGCGGACCT	12	251	0.023900346
35	GTCTGGCCCC	10	251	0.023900346
35	GAAGGCCC	8	251	0.023900346
35	ACCCCCCT	8	250	0.023805126
36	CCCCTCCT	8	250	0.023805126
35	GGCT	4	250	0.023805126
35	ACTCGGAC	8	249	0.023709905
36	CTCAGTCTAACCCTT	15	247	0.023519464
35	GCTTTATCCGAGA	13	247	0.023519464
35	GGACCCT	7	246	0.023424244
35	ACCCATTTTGC	11	245	0.023329023
35	AGCCGGGGA	9	245	0.023329023
35	GGGCTT	6	244	0.023233803
35	CTGTCTCTCAGGCCC	15	243	0.023138582
35	AACCGGGCCTTTCT	14	243	0.023138582
35	GGCCTTCC	8	243	0.023138582
35	GGGCGGCT	8	243	0.023138582
35	CCCGCGC	7	243	0.023138582
35	ACCCCGGG	8	242	0.023043362
36	CCGGCATT	8	242	0.023043362
35	GGGGGGC	7	242	0.023043362
35	AACGGAGC	8	241	0.022948141
35	GGGGGGAACCGGCT	14	240	0.022852921
35	AGGGTTAAGGC	11	240	0.022852921
35	GGGGGTCC	8	240	0.022852921
36	CGGGGGCT	8	240	0.022852921
36	TAGGACCT	8	240	0.022852921
35	GGCCTCCC	8	239	0.0227577
35	GGGGGG	6	239	0.0227577
35	GGGTT	5	239	0.0227577
35	GGGAACAACC	10	238	0.02266248
35	AGGGAC	6	238	0.02266248
35	AGCCGCGC	8	236	0.022472038
35	GTTTCGCCC	9	234	0.022281597
35	AGGGGCCC	8	234	0.022281597
35	GCCAGGGT	8	234	0.022281597
35	GGGGCCGGCCC	11	233	0.022186377
35	AGCAAGGAAA	10	232	0.022091156
35	ATGTCCCC	8	232	0.022091156
35	GGTTAGTCTCGAGAC	15	231	0.021995936
35	GGAGGGGCGGCC	12	231	0.021995936
35	GCCCT	5	231	0.021995936
36	CCCCCCT	7	230	0.021900715
35	AGCTCATGAAGGGCC	15	229	0.021805495
35	AGGGCTTTTGGCC	13	228	0.021710274
35	AGCCTGGCTGA	11	228	0.021710274
35	ATGCCTGT	8	228	0.021710274
35	CCATGACT	8	228	0.021710274
36	CCCCCCCT	8	228	0.021710274
35	AGC	3	228	0.021710274
35	GGGAGGGGG	9	227	0.021615054
35	CCTTGCCC	8	227	0.021615054
35	GCCCGGCT	8	227	0.021615054
35	AGTCCCT	7	227	0.021615054
36	CTAACT	6	227	0.021615054
35	ATCTAACGTGC	11	226	0.021519833
35	ATTTGGGGGC	10	226	0.021519833
35	CCCCGGGG	8	226	0.021519833
35	CCGTCGGC	8	226	0.021519833
35	GGGGGGT	7	226	0.021519833
35	AGCGGGCCTAAGT	13	225	0.021424613
35	GGCTCTC	7	225	0.021424613
36	CCCCCTT	7	225	0.021424613
36	TACCCCT	7	225	0.021424613
35	CCCCCGGCCT	10	224	0.021329392
35	ACCTTT	6	224	0.021329392
35	AA	2	224	0.021329392
35	GGGCGGTCGTCC	12	223	0.021234172
34	TCGCCACAA	9	223	0.021234172
35	ACCCGT	6	223	0.021234172
35	GGGCCGGCC	9	222	0.021138951
35	AGGGACTG	8	222	0.021138951
35	CCGTCCCC	8	222	0.021138951
35	AGCCCTT	7	222	0.021138951
35	GGGGGGA	7	222	0.021138951
36	CACCCCT	7	222	0.021138951
35	GGCGCC	6	222	0.021138951
35	GCCTGGC	7	221	0.021043731
35	GGTCAGCCCCCTGGC	15	220	0.02094851
35	ACCCCAGGGC	10	220	0.02094851
36	CGAAAACCT	9	220	0.02094851
36	TGCCCCT	7	220	0.02094851
35	GTGCC	5	220	0.02094851
35	CTCTAGCCC	9	219	0.02085329
35	GGCTCCC	7	219	0.02085329
35	CTGCCCGCCCCC	12	218	0.020758069
35	GGGGCTT	7	217	0.020662849
35	CCAGGGGA	8	216	0.020567628
35	CCCCTCC	7	216	0.020567628
35	GGCTTAACGGCCT	13	215	0.020472408
35	GTCCTACC	8	215	0.020472408
35	CCTAACT	7	215	0.020472408
35	GACCCCC	7	215	0.020472408
35	GCCCTCT	7	215	0.020472408
36	TTTCCTACCCT	11	214	0.020377187
35	ACTAAAAGCC	10	214	0.020377187
35	GGCGGCCCC	9	214	0.020377187
35	GTCCGCCC	8	214	0.020377187
35	GAGGCCC	7	214	0.020377187
35	GCGGGCC	7	214	0.020377187
35	AGGCC	5	214	0.020377187
36	CCTAGGAAAACTT	13	213	0.020281967
35	GGGGTCCC	8	213	0.020281967
36	ACCTCCCT	8	213	0.020281967
35	AAGCCCC	7	213	0.020281967
35	GGGAGC	6	213	0.020281967
35	AGGCGGT	7	212	0.020186746
35	GGGAGCC	7	212	0.020186746
35	AGGGTCC	7	211	0.020091526
35	GAACCCT	7	211	0.020091526
35	GGCCCAGT	8	210	0.019996305
35	GGTTCCT	7	210	0.019996305
35	GTCCCT	6	210	0.019996305
35	GGGGTCGGCT	10	209	0.019901085
35	ACCCCGGC	8	209	0.019901085
35	ACCCTCCC	8	209	0.019901085
35	AGGCAGGC	8	209	0.019901085
35	AGACCCT	7	209	0.019901085
35	CTCGGCC	7	209	0.019901085
35	GGGGGCTAGGGCCC	14	208	0.019805864
35	AAAAGGCT	8	208	0.019805864
36	CTCAGTTA	8	208	0.019805864
36	ATGGGCCT	8	207	0.019710644
37	GCTTATG	7	207	0.019710644
35	GCCCCT	6	207	0.019710644
36	CCTGGCCT	8	206	0.019615423
35	AGACCCGCTT	10	205	0.019520203
35	CTGGGGCT	8	205	0.019520203
35	GGTTCTGC	8	205	0.019520203
35	AGGGGTCC	8	204	0.019424982
35	GGCCGAGG	8	204	0.019424982
35	GGCCTTTCCTCGG	13	203	0.019329762
35	AGACCGACGCC	11	203	0.019329762
35	CCGGCAGCTGG	11	203	0.019329762
35	GTCCCGGGTC	10	203	0.019329762
35	CCTGGGGCTT	10	202	0.019234541
35	GAGGCCTC	8	202	0.019234541
35	GCCTCTTT	8	202	0.019234541
36	CCGTACCT	8	202	0.019234541
35	GGTTTCC	7	202	0.019234541
35	AGGCCT	6	202	0.019234541
35	GCCCGTTGTGACC	13	201	0.019139321
35	GGGGCCGACC	10	201	0.019139321
35	GCGCGCCT	8	201	0.019139321
35	CGTTCTTCCTCC	12	200	0.0190441
38	CCGGGGGGTGA	11	200	0.0190441
35	GGGCTTGCCC	10	200	0.0190441
35	CCCCCCCC	8	199	0.01894888
35	GCTGGTCC	8	199	0.01894888
36	TCGATACT	8	198	0.018853659
36	CCCCAGGCCT	10	196	0.018663218
35	GGCCGGGGC	9	196	0.018663218
35	GGGAGGTCC	9	196	0.018663218
36	AGGGCTCTCTAACT	14	195	0.018567998
35	GGTCGGAAATTGC	13	194	0.018472777
35	GAGTGCCG	8	194	0.018472777
35	GGGGGGGC	8	194	0.018472777
36	AACTAACT	8	194	0.018472777
35	CCCGTG	6	194	0.018472777
35	GTTTTT	6	194	0.018472777
35	AGGGAGCGCCCTC	13	193	0.018377557
35	GGCCCCCCCCTAC	13	193	0.018377557
35	GGGGCCTC	8	193	0.018377557
35	GCTCGAA	7	193	0.018377557
35	GGTCC	5	193	0.018377557
35	GGCCGAGTCTCTG	13	192	0.018282336
35	GGGGACTCCCCT	12	192	0.018282336
35	GGCCCTGCCC	10	192	0.018282336
35	CGTAGGGCT	9	192	0.018282336
35	GCCGGGCT	8	192	0.018282336
35	GGGGCCTT	8	192	0.018282336
35	AGGGCTC	7	192	0.018282336
35	CTT	3	192	0.018282336
35	GGCCCCCGCCC	11	191	0.018187116
35	CTGGCC	6	191	0.018187116
35	GGTGGC	6	191	0.018187116
36	CCCTT	5	191	0.018187116
35	GGTCCCCC	8	190	0.018091895
35	GTCCCCCC	8	190	0.018091895
35	AGGGGG	6	190	0.018091895
35	GGGGAAGGGCCCCC	14	188	0.017901454
35	CTAGGGCCTCGGC	13	188	0.017901454
35	CCCCCGAGGGA	11	188	0.017901454
36	TCGCCT	6	188	0.017901454
36	CTT	3	188	0.017901454
36	CGCGTCT	7	187	0.017806234
35	GTCCTCTGCCC	11	185	0.017615793
35	AGCGGGC	7	185	0.017615793
35	GGCCGCC	7	185	0.017615793
35	GGGAAGGGAC	10	184	0.017520572
35	GTTTCCCC	8	184	0.017520572
36	TTCTCTT	7	184	0.017520572
35	CCCT	4	184	0.017520572
35	GGGGCCCT	8	183	0.017425352
36	CCCCAG	6	183	0.017425352
35	GCCCTCGGGA	10	182	0.017330131
35	CCCCTTT	7	182	0.017330131
35	GCTAGCC	7	182	0.017330131
36	CCTAGGAAAAAT	12	181	0.017234911
35	AAGGGAAGGC	10	181	0.017234911
35	AGCGGCCC	8	181	0.017234911
35	AGGGCTTA	8	181	0.017234911
35	GACCCCCC	8	181	0.017234911
36	CCCTGTCT	8	181	0.017234911
35	ATCGCTTACCC	11	180	0.01713969
35	GGGGTCAGTGC	11	180	0.01713969
35	GGGGTCT	7	179	0.01704447
35	CCTTTT	6	179	0.01704447
35	GCCTCC	6	179	0.01704447
35	GGGTTC	6	178	0.016949249
36	TGTT	4	178	0.016949249
35	CTCTTTCCT	9	177	0.016854029
35	GCCAAGC	7	177	0.016854029
35	GCCCTCTC	8	176	0.016758808
36	TCCAGGGT	8	176	0.016758808
35	CCTTCCC	7	176	0.016758808
36	TTCTTT	6	176	0.016758808
35	GGCCGAGTCTC	11	175	0.016663588
35	ACCGCATCTT	10	175	0.016663588
35	AACCCCTT	8	175	0.016663588
35	CCCCTTTT	8	175	0.016663588
35	GGCCTACCG	9	174	0.016568367
35	GGAGGGA	7	174	0.016568367
35	GACGCC	6	174	0.016568367
35	ACCCCGG	7	173	0.016473147
35	GCCCTC	6	173	0.016473147
35	GTCGGC	6	173	0.016473147
35	GTGCCC	6	173	0.016473147
35	GGGCCGGCCGGT	12	171	0.016282706
35	AGAAGGGGAT	10	171	0.016282706
35	CTTTTCTCCC	10	171	0.016282706
35	GGCGTCGCC	9	171	0.016282706
35	CCCGGCC	7	171	0.016282706
35	GCCCGCC	7	171	0.016282706
35	AGCCCTGGGCT	11	170	0.016187485
35	GCCCGCTCCC	10	170	0.016187485
35	CCCGAAAT	8	170	0.016187485
35	CCGGCCT	7	170	0.016187485
35	AGCCCC	6	170	0.016187485
35	GGAAATCCCCGGCT	14	169	0.016092265
35	GCCTCCCGGGCC	12	169	0.016092265
35	GGATCCGG	8	169	0.016092265
35	CTCCCCC	7	169	0.016092265
36	TTT	3	169	0.016092265
35	GGCCCCCCC	9	168	0.015997044
35	AGGCGGGC	8	168	0.015997044
35	CCGCCCC	7	168	0.015997044
35	GCCGGC	6	168	0.015997044
35	CTCTAACGGCC	11	167	0.015901824
35	GGGAACAGGCC	11	167	0.015901824
35	CGGAGAAC	8	167	0.015901824
35	GGACTCC	7	167	0.015901824
36	CACCCCGT	8	166	0.015806603
36	CCCGGGCT	8	166	0.015806603
36	CCTTCCTT	8	166	0.015806603
35	CCACGAG	7	166	0.015806603
35	GGGAAAGGACC	11	165	0.015711383
35	CATGAAAACC	10	165	0.015711383
35	GCCCGGGGCG	10	165	0.015711383
35	GCCTTTCC	8	165	0.015711383
36	TAGAGACT	8	165	0.015711383
35	GAGCC	5	165	0.015711383
35	GGCCTAGGGTTGC	13	164	0.015616162
35	GGTGGATGCT	10	164	0.015616162
35	ATCCCCCC	8	164	0.015616162
35	GGAGGGC	7	164	0.015616162
35	CCCGCGCAGGAGA	13	163	0.015520942
35	GGTCCTAGTAGC	12	163	0.015520942
35	GGGGGGGGC	9	163	0.015520942
35	GCCCTGGG	8	163	0.015520942
35	GGGAGCCC	8	163	0.015520942
35	GGGCGGCC	8	163	0.015520942
35	GTCAAC	6	163	0.015520942
35	GGGAAGGGA	9	162	0.015425721
35	GGGGGCCC	8	162	0.015425721
35	GCCCGCCTCGGGG	13	161	0.015330501
35	AGGGCGGC	8	161	0.015330501
35	GGCTCCCC	8	161	0.015330501
35	GGGTACCC	8	161	0.015330501
35	CGGGCCC	7	161	0.015330501
35	AGGGGTAA	8	160	0.01523528
35	CCCGGGCC	8	160	0.01523528
35	CTAGCTTT	8	160	0.01523528
35	GGGGGTC	7	160	0.01523528
35	GGTCCCT	7	160	0.01523528
35	GTTCCCC	7	160	0.01523528
35	GCGGGC	6	160	0.01523528
35	GGGCGT	6	160	0.01523528
35	GTATCTGGAGGGC	13	159	0.01514006
35	GGACTCCGTCC	11	159	0.01514006
35	CCCCTCCTC	9	159	0.01514006
35	AGACGATC	8	159	0.01514006
35	GCTCAGGC	8	159	0.01514006
36	CCCCTGAT	8	159	0.01514006
35	GAAGCTT	7	159	0.01514006
35	GGGCGGTCGGTGCC	14	158	0.015044839
35	GCCCCCTT	8	158	0.015044839
35	ATCTGCCGCCT	11	157	0.014949619
35	GCCTGAAG	8	157	0.014949619
35	GGCCTCTC	8	157	0.014949619
35	GGCCCCG	7	157	0.014949619
35	GGGTCCC	7	157	0.014949619
36	CGCGCCT	7	157	0.014949619
36	AGGGTT	6	157	0.014949619
36	CCTGAGGCCCT	11	156	0.014854398
36	CGTCCCCT	8	156	0.014854398
35	GCCTCGGCCC	10	155	0.014759178
35	ACGGCCCT	8	155	0.014759178
35	GCCCGGGG	8	155	0.014759178
35	GTGGGCC	7	155	0.014759178
35	GGAGCC	6	155	0.014759178
35	GGCGGC	6	155	0.014759178
35	CCCGAGAAGGGCCT	14	154	0.014663957
35	AGGGGGGCCC	10	154	0.014663957
35	GCCCTACCCT	10	154	0.014663957
35	CGTGTCCC	8	154	0.014663957
35	GGACTAAC	8	154	0.014663957
35	AGGCGCC	7	154	0.014663957
35	CCCCGGA	7	154	0.014663957
35	ACGCCT	6	154	0.014663957
35	GGCTTCCCA	9	153	0.014568737
35	GGGGGGCC	8	153	0.014568737
36	TGGGCCCT	8	153	0.014568737
35	GGAGCCC	7	153	0.014568737
35	CCTCGGGC	8	152	0.014473516
36	CCAGGGGT	8	152	0.014473516
35	GTCGGGCGCCC	11	151	0.014378296
35	GCTCACCC	8	151	0.014378296
35	GTCTCCGG	8	151	0.014378296
35	CCTCCC	6	151	0.014378296
35	GACCCT	6	151	0.014378296
35	GCCT	4	151	0.014378296
35	GTT	3	151	0.014378296
35	GTCTCCGCCC	10	150	0.014283075
35	AGTTGGTTT	9	150	0.014283075
35	GCTCGGATC	9	150	0.014283075
35	CCCCCCTC	8	150	0.014283075
35	CCCGGGC	7	150	0.014283075
35	CCTCCCC	7	150	0.014283075
35	GCTCCCC	7	150	0.014283075
36	TAGAGCT	7	150	0.014283075
35	AAC	3	150	0.014283075
35	GATGGCATTCT	11	149	0.014187855
35	GGCTGAGGCCC	11	149	0.014187855
35	GGGCCTGTCCC	11	149	0.014187855
35	AGGATTCT	8	149	0.014187855
35	GCCCTAAC	8	149	0.014187855
35	GGGGGA	6	149	0.014187855
36	CTCGGTGTTAGACGT	15	148	0.014092634
36	CAGTTCCCAT	10	148	0.014092634
36	CCCCTTCCCT	10	148	0.014092634
35	AGGGACCC	8	148	0.014092634
36	CTCCAGTT	8	148	0.014092634
36	TTTTT	5	148	0.014092634
35	ACCCCTCCCGGCCCC	15	147	0.013997414
35	GGTGGTCCCGGG	12	147	0.013997414
35	GAAGCTTTTAC	11	147	0.013997414
35	CCAGGCGACT	10	147	0.013997414
35	GGACCCCC	8	147	0.013997414
35	GCTTCGC	7	147	0.013997414
35	GCTTTT	6	147	0.013997414
35	GGGCGCGGGGTC	12	146	0.013902193
35	ACGGAACCCC	10	146	0.013902193
35	GCTCGCAGAC	10	146	0.013902193
37	GCGAGGGATG	10	146	0.013902193
35	CCCTCCCC	8	146	0.013902193
35	CCCTGAGG	8	146	0.013902193
35	CCGGGCCC	8	146	0.013902193
35	GGTTCCC	7	146	0.013902193
35	GCTCCC	6	146	0.013902193
35	GTCCC	5	146	0.013902193
