35	CC	2	31294	3.145460722
35	CT	2	12379	1.244253157
35	GT	2	8025	0.806618595
35	GC	2	6901	0.693641735
35	GG	2	5629	0.565788918
36	CT	2	4673	0.469698279
36	TT	2	3818	0.383759476
36	T	1	3692	0.37109481
35	GCC	3	3499	0.351695759
35	GGGGCC	6	2740	0.275406224
35	C	1	2495	0.250780485
35	G	1	2208	0.221933191
35	GGCCCC	6	1883	0.189266394
35	GGGCC	5	1784	0.179315585
35	GA	2	1694	0.170269396
35	CG	2	1637	0.164540142
35	CCTCCTTAGACC	12	1610	0.161826285
35	AAACACCGAGAC	12	1564	0.157202677
35	AC	2	1443	0.145040577
35	CCC	3	1411	0.141824154
35	CCCGGTCC	8	1393	0.140014916
35	GGGCCC	6	1263	0.126948197
35	GGTGGACC	8	1141	0.114685585
36	AGGGGGCT	8	1089	0.109458897
35	GGGCCCT	7	1078	0.108353252
35	GCCCGGCC	8	1026	0.103126564
35	AGAGGCCG	8	991	0.099608602
35	AGTTAGGG	8	981	0.098603469
35	AGGGGCCC	8	951	0.095588073
35	GGGGGC	6	899	0.090361385
35	AGGCCCC	7	886	0.089054713
35	GGC	3	874	0.087848555
35	GTCTCTTTCCC	11	865	0.086943936
35	AGGAAGTG	8	861	0.086541883
35	GCTCGGGG	8	854	0.08583829
35	GGGGC	5	854	0.08583829
35	GCCCCC	6	853	0.085737777
35	AGGCCCCC	8	847	0.085134698
35	AT	2	825	0.082923407
35	GGGGGCC	7	824	0.082822894
35	GGCCCCCC	8	817	0.082119301
35	GGGCCCC	7	814	0.081817761
35	A	1	807	0.081114169
35	AGGCC	5	802	0.080611603
35	AGGGCCCC	8	797	0.080109037
35	GCCTTGAGCC	10	795	0.07990801
35	AGAC	4	781	0.078500825
35	GGGCCCCC	8	777	0.078098772
35	AGGGGACCTC	10	769	0.077294667
35	GACCCC	6	754	0.075786968
35	GGTCCCC	7	740	0.074379783
35	ACCCGATA	8	729	0.073274138
35	AGGGGGTT	8	724	0.072771572
35	GGAGGGGC	8	724	0.072771572
35	AGGCCTT	7	721	0.072470032
35	AGGGGCC	7	718	0.072168492
35	AGCCCTAC	8	704	0.070761307
35	GCGGGC	6	704	0.070761307
35	GACCCTCCTTCACCC	15	691	0.069454635
35	GGGCCT	6	688	0.069153096
35	GGCTCTGGCCT	11	678	0.068147964
35	CCCCCCC	7	678	0.068147964
35	GGCC	4	678	0.068147964
35	GGCCCCC	7	672	0.067544884
35	CCTGGCCC	8	668	0.067142831
35	GTGCTCTAAC	10	664	0.066740778
36	CTAACCCT	8	664	0.066740778
35	AGGCGGCC	8	647	0.065032054
35	CCCCGGC	7	639	0.064227948
35	ACCTCCTG	8	637	0.064026921
35	GCCCCCCC	8	630	0.063323329
36	TTCGCCT	7	630	0.063323329
35	GGTTCCCA	8	629	0.063222816
36	TTGGGCT	7	627	0.063021789
35	ACCCGGGCGGGC	12	609	0.061212551
35	CCCGAGGC	8	606	0.060911012
35	GTCGCGGAAGC	11	601	0.060408446
35	CCCCGTCT	8	596	0.059905879
36	CCT	3	596	0.059905879
36	TTTTT	5	591	0.059403313
35	GTGCTGTCCC	10	588	0.059101774
35	GGGGTCT	7	587	0.05900126
35	CCCTTTCGGCC	11	586	0.058900747
35	GTAGGCC	7	583	0.058599208
35	GGTTGGC	7	581	0.058398181
36	CCCCTTGGTT	10	577	0.057996128
36	CCGGCTCT	8	572	0.057493562
35	GGCCC	5	569	0.057192022
35	GGTCCCT	7	565	0.05678997
35	GTCGCC	6	560	0.056287403
35	GACAGCCCC	9	559	0.05618689
35	GCCCCT	6	551	0.055382784
35	CTACCCAT	8	549	0.055181758
35	CCCCCTAGCGAGGC	14	546	0.054880218
35	GGGGCCC	7	542	0.054478166
35	CCTTTTTTCAAACC	14	533	0.053573547
35	GCGCGGTCC	9	533	0.053573547
35	AGGAGCCT	8	532	0.053473033
35	ACGGTCTT	8	531	0.05337252
35	CA	2	531	0.05337252
35	GCCC	4	529	0.053171494
35	GAC	3	529	0.053171494
36	CCCAGACGT	9	526	0.052869954
35	AGAGGCCT	8	525	0.052769441
35	GGAGGGGGTC	10	524	0.052668928
35	AGCCCGGTT	9	524	0.052668928
36	TTGCGT	6	518	0.052065848
35	GGGGAGGC	8	512	0.051462769
36	TTCACTT	7	508	0.051060716
35	GGGC	4	508	0.051060716
35	GCCTCAAC	8	507	0.050960203
36	CGGGGTCCCTT	11	505	0.050759176
35	ACCCCCTAAGGGGA	14	504	0.050658663
35	GCTCGCT	7	499	0.050156097
35	AGCCCCCC	8	498	0.050055584
35	CGCCCTT	7	497	0.049955071
35	GTCCCC	6	495	0.049754044
35	GGCCACCC	8	493	0.049553018
35	GAAGAGACCGGGC	13	492	0.049452504
35	GGGCTGAG	8	492	0.049452504
35	CCCCC	5	489	0.049150965
35	GCCCC	5	489	0.049150965
35	ATTCGTGTCGGCC	13	487	0.048949938
35	ACCCGGTTCT	10	487	0.048949938
35	GGCGCCCTGCGTC	13	483	0.048547886
35	GTTCCCTC	8	483	0.048547886
36	CCCCT	5	481	0.048346859
35	GGGTTT	6	480	0.048246346
35	GTCCGC	6	477	0.047944806
36	CGTCGGT	7	475	0.04774378
35	CTGGGCT	7	474	0.047643267
35	GGTCCAGGCC	10	471	0.047341727
35	AGACGCCT	8	468	0.047040187
36	CCCGCCT	7	466	0.046839161
35	ACCCCCTA	8	461	0.046336595
35	GGCTCAGGGC	10	460	0.046236081
35	GTTCCCCC	8	460	0.046236081
35	GGCCCT	6	460	0.046236081
35	ACTTCTCT	8	458	0.046035055
35	GGTCCCAC	8	458	0.046035055
35	CCCCCC	6	457	0.045934542
35	AGGCTCCGGTT	11	456	0.045834029
35	AGCCCCC	7	456	0.045834029
35	GACCTCCAGGGGCC	14	455	0.045733515
36	CGGGGGAT	8	453	0.045532489
35	AGGGTGCCT	9	448	0.045029923
35	AGTCCCC	7	447	0.04492941
35	CGGTTTT	7	447	0.04492941
35	ACCCCC	6	445	0.044728383
35	GAGGCC	6	444	0.04462787
35	GGAAGAAGTC	10	443	0.044527357
35	ACCGGCCC	8	443	0.044527357
35	GTTTCTCC	8	440	0.044225817
35	GCCTCCC	7	438	0.044024791
35	GGCCTAGCCCTC	12	426	0.042818632
35	GCGGCCT	7	426	0.042818632
35	GACCGGGC	8	424	0.042617605
35	GAGGAGC	7	420	0.042215553
35	AGGCCCT	7	417	0.041914013
35	AGGGCGAGGCC	11	416	0.0418135
35	AAGGGCT	7	413	0.04151196
35	GCTAAACC	8	412	0.041411447
35	GCTCCGCC	8	408	0.041009394
35	CGCGGCC	7	408	0.041009394
35	GTC	3	407	0.040908881
35	GGGGGCCT	8	405	0.040707854
35	GACAGCCCCC	10	403	0.040506828
35	ACCC	4	403	0.040506828
35	CTCTGCTA	8	402	0.040406315
35	CCCC	4	402	0.040406315
35	GGACCCC	7	401	0.040305801
35	AGAGGGAC	8	400	0.040205288
35	GAACCCAG	8	400	0.040205288
35	AG	2	400	0.040205288
35	CGCCCTTGGCG	11	399	0.040104775
35	AGGGTGACTC	10	397	0.039903749
35	GGAACCCT	8	397	0.039903749
35	GTGGCGGC	8	397	0.039903749
35	GGCTCCCCG	9	396	0.039803235
35	GGCTGGC	7	396	0.039803235
35	GGCGGC	6	393	0.039501696
35	GAGAGGCC	8	392	0.039401182
35	GCCTTAGTTT	10	386	0.038798103
35	GGGCCGGT	8	386	0.038798103
35	AGGGGGC	7	386	0.038798103
36	CGGTTTTCCT	10	381	0.038295537
35	CCTCTTAC	8	379	0.038094511
35	ACCTTTTGCCCT	12	378	0.037993997
35	GCTCTTGG	8	378	0.037993997
35	GGGTCC	6	378	0.037993997
35	GGGCCCGCCCC	11	372	0.037390918
36	CGTCCCTT	8	372	0.037390918
35	AGGACTCAGTCCTCG	15	371	0.037290405
35	GCTGGGGC	8	371	0.037290405
35	ACCCC	5	370	0.037189892
35	GGGGGCACCCC	11	369	0.037089378
35	AGGGGGAC	8	368	0.036988865
35	GTTTAGGG	8	368	0.036988865
35	GTCCGGTC	8	366	0.036787839
35	AGGGAGGC	8	364	0.036586812
35	GCCCCCC	7	363	0.036486299
36	TGCCCT	6	363	0.036486299
35	GAAACACTGAGAC	13	362	0.036385786
35	GTCCCCC	7	362	0.036385786
35	GGCCTT	6	362	0.036385786
35	GGGGTGAG	8	361	0.036285273
35	ACTCTCTCTC	10	357	0.03588322
35	GGTTCCCCCT	10	355	0.035682193
35	GACCCCC	7	355	0.035682193
35	GGGGCCT	7	353	0.035481167
35	CTTCCC	6	352	0.035380654
35	CGCGAGT	7	351	0.03528014
35	AGGTCGTA	8	350	0.035179627
35	ACTCGGGAGCCCCG	14	349	0.035079114
35	GTTGGGAC	8	347	0.034878088
35	GTGGGCCA	8	345	0.034677061
35	GGGTGAGGGC	10	344	0.034576548
35	GTGAAGGC	8	344	0.034576548
35	AGGGCGTT	8	342	0.034375521
35	GCCGGCTC	8	342	0.034375521
35	GCTCGCC	7	342	0.034375521
35	AGGCCC	6	341	0.034275008
35	GACCC	5	340	0.034174495
35	AGGGCCC	7	339	0.034073982
35	CCT	3	338	0.033973469
35	ACCTTTT	7	336	0.033772442
35	CGGAATC	7	336	0.033772442
35	CCCCTC	6	336	0.033772442
35	GATCGGGGC	9	335	0.033671929
36	CCCCCT	6	334	0.033571416
35	AGGAGGAC	8	333	0.033470902
35	ACCCCCCC	8	332	0.033370389
35	GACTGGACT	9	329	0.03306885
35	AGACCCC	7	328	0.032968336
35	AGCCCC	6	327	0.032867823
35	GTGGGCCCT	9	326	0.03276731
35	GAAAGGGAAC	10	325	0.032666797
36	TCCGACT	7	325	0.032666797
36	CCCGCTTT	8	324	0.032566283
35	ACCCTTGACC	10	322	0.032365257
36	CCCAGGTT	8	322	0.032365257
35	GGCCCCT	7	321	0.032264744
35	GTCCCCT	7	318	0.031963204
35	GGAAGGGACC	10	315	0.031661664
35	CGCTCTGGGCCCTT	14	314	0.031561151
35	GCTCTTCGTTCCC	13	314	0.031561151
35	AGGGCC	6	314	0.031561151
35	AGCCCTGGTTC	11	313	0.031460638
35	GCCCCCCT	8	313	0.031460638
35	GGAGGGCC	8	313	0.031460638
36	CGGCCCT	7	313	0.031460638
35	GGCCCCGCCCA	11	311	0.031259612
35	GGGGGAGGACC	11	311	0.031259612
36	TTGTTTCCCT	10	311	0.031259612
35	ACTCTCTC	8	311	0.031259612
36	CACCTCCT	8	310	0.031159098
35	CCTGGC	6	310	0.031159098
35	GGTAAGGC	8	308	0.030958072
37	CCCCTG	6	307	0.030857559
35	GGGGGT	6	306	0.030757045
35	ATCCAAGC	8	305	0.030656532
35	CCCCGAC	7	304	0.030556019
35	AGGGGGGTCCTC	12	303	0.030455506
35	AGGGGGCC	8	302	0.030354993
35	GCCCAGGA	8	302	0.030354993
35	GGCTCAGGCCC	11	301	0.030254479
35	CGGCGTTT	8	301	0.030254479
35	GCCTCCCT	8	300	0.030153966
35	GGTCCC	6	299	0.030053453
35	AAGTGGATCC	10	297	0.029852426
35	AACGTAGTCTC	11	296	0.029751913
35	GGCCCCCT	8	294	0.029550887
35	GGGAAGGC	8	294	0.029550887
35	ACCGGTTCTCGGT	13	293	0.029450374
36	CCTTTT	6	293	0.029450374
36	TTTCACGTCT	10	292	0.02934986
35	AGGACCCT	8	291	0.029249347
35	GGATCCGC	8	291	0.029249347
36	TACGATT	7	291	0.029249347
35	AGGGGGGT	8	290	0.029148834
35	CTTTCCTC	8	290	0.029148834
35	CTGGGGA	7	287	0.028847294
35	GGGGCATG	8	286	0.028746781
35	GGGCTTGGT	9	284	0.028545755
35	ATGGGGTC	8	284	0.028545755
36	ACTGGGCT	8	284	0.028545755
35	GAGCCCCC	8	283	0.028445241
35	GGGGCCCC	8	282	0.028344728
35	CCCCGCC	7	282	0.028344728
35	CTCTGCTCCTC	11	281	0.028244215
35	AGCCAACCCT	10	281	0.028244215
35	GTTGTTCGGCCG	12	279	0.028043189
35	GGCCCCTTTT	10	279	0.028043189
35	GGGGGCCC	8	279	0.028043189
36	CCCCTTT	7	279	0.028043189
36	CGCCCTT	7	279	0.028043189
37	TG	2	278	0.027942675
36	TTCGATCCT	9	276	0.027741649
35	AGAGTCCC	8	276	0.027741649
35	GGGGGGC	7	276	0.027741649
36	TAGACT	6	276	0.027741649
35	GGGGGGCC	8	275	0.027641136
35	GTGTTGAC	8	275	0.027641136
35	ACCCTTGAGGGTAC	14	274	0.027540622
35	AGGCCT	6	273	0.027440109
35	AAGGGGGGCC	10	272	0.027339596
35	GGTTCCCC	8	271	0.027239083
35	ACC	3	271	0.027239083
35	GGTACCTT	8	270	0.02713857
35	AAAGAGGA	8	269	0.027038056
35	GGCCCCTC	8	269	0.027038056
35	ACCCCAGG	8	268	0.026937543
35	CCGGAGCC	8	268	0.026937543
35	GGGCTGA	7	268	0.026937543
35	GACCCTCTTTCCC	13	267	0.02683703
35	CCCCCCCC	8	267	0.02683703
36	CTTGGGCT	8	267	0.02683703
36	TTCCCCT	7	267	0.02683703
35	CCACCTGTCGG	11	265	0.026636003
36	CCTAGGTCT	9	265	0.026636003
35	CGAGCCC	7	265	0.026636003
35	GCCCCGCGGCCT	12	264	0.02653549
35	GACCGGGG	8	264	0.02653549
35	GGACCCT	7	264	0.02653549
35	GGGGGA	6	263	0.026434977
35	GATTCTTCCCCGAA	14	262	0.026334464
35	GCTCCAC	7	262	0.026334464
35	GGTCC	5	262	0.026334464
35	GCTCCTGT	8	261	0.026233951
35	GTCCGCCC	8	261	0.026233951
35	GGCGGCC	7	261	0.026233951
36	CCGGCCGT	8	259	0.026032924
35	GGCCCCAGTC	10	258	0.025932411
35	GGGCCCCG	8	258	0.025932411
35	GGTCCTTTAT	10	256	0.025731384
35	ACCCCCC	7	255	0.025630871
35	ACGGGCC	7	253	0.025429845
35	GGTCCCCT	8	252	0.025329332
35	GCAGCCCCCCT	11	251	0.025228818
35	GGCTAGGTCCC	11	250	0.025128305
35	GGTGCTTCGC	10	250	0.025128305
35	GGGGCTT	7	250	0.025128305
35	AGC	3	250	0.025128305
35	GCCCCCTC	8	249	0.025027792
35	GGGGGGT	7	248	0.024927279
35	GGTCCTAACT	10	247	0.024826765
35	ACCCCCCG	8	247	0.024826765
35	CGGGGGC	7	247	0.024826765
35	GGGGGGA	7	246	0.024726252
35	GGG	3	246	0.024726252
35	ACCGGCGT	8	245	0.024625739
35	AGGACCCC	8	245	0.024625739
35	GGCTCCCC	8	245	0.024625739
35	AGCCTTGCCT	10	244	0.024525226
35	CCGCTAACTCCCT	13	243	0.024424713
35	GGCCCCGT	8	243	0.024424713
35	GGGCGCC	7	243	0.024424713
36	CCCCCCT	7	243	0.024424713
35	GGGGCT	6	243	0.024424713
35	AGACTGAGAC	10	242	0.024324199
35	ATGGGGTCCC	10	242	0.024324199
35	GGGGCTCC	8	241	0.024223686
35	GTCCGGGC	8	241	0.024223686
35	AGGGGGTATACTCCC	15	240	0.024123173
35	CATTGGACCT	10	239	0.02402266
35	GGGGCCCT	8	239	0.02402266
35	GGGGTCCC	8	239	0.02402266
35	GGCCGCC	7	239	0.02402266
36	TTGCCCT	7	239	0.02402266
35	GTATCGGCCT	10	238	0.023922146
35	ATGCTCGGGA	10	237	0.023821633
35	ATGTCCCCCT	10	237	0.023821633
35	AACCGGTT	8	237	0.023821633
35	ACCGGAGG	8	237	0.023821633
35	GGGGGCT	7	237	0.023821633
36	CCCAGACCT	9	235	0.023620607
35	AACCGGGCGATCCT	14	234	0.023520094
35	GAGGACCC	8	234	0.023520094
35	GGGGACCCCC	10	233	0.02341958
35	CGCCCCCC	8	233	0.02341958
35	CCCGTGA	7	233	0.02341958
35	GCCCCCT	7	233	0.02341958
35	AGCCC	5	233	0.02341958
35	GGGTCCCC	8	232	0.023319067
35	AGGGGTC	7	232	0.023319067
35	CCTGGCTT	8	231	0.023218554
36	CCCGCTT	7	231	0.023218554
35	GGGGGGCT	8	230	0.023118041
35	CCTGGCT	7	229	0.023017527
35	GCCACCCTCCC	11	228	0.022917014
35	CCCTTAGGGCTTGC	14	227	0.022816501
35	GCCCTCCT	8	227	0.022816501
35	AA	2	226	0.022715988
35	CGCGAGTGCC	10	225	0.022615475
35	AGCCCTGC	8	225	0.022615475
35	CCGGCCCT	8	225	0.022615475
35	GGGGGGAG	8	225	0.022615475
35	GTTGATTC	8	225	0.022615475
35	GAGGGGC	7	225	0.022615475
35	CCTTCCCC	8	224	0.022514961
36	TAACCCT	7	224	0.022514961
36	TAGAGACT	8	223	0.022414448
37	GGGGCTG	7	222	0.022313935
35	GGCTCC	6	222	0.022313935
35	ACTCCAGAGGCC	12	221	0.022213422
35	AGGGGGAA	8	221	0.022213422
35	CCCCGACC	8	221	0.022213422
35	GACCCCCC	8	221	0.022213422
35	CCGGCC	6	221	0.022213422
35	GAGGGC	6	221	0.022213422
35	GGTTCCAG	8	220	0.022112909
35	GAGTCCCT	8	219	0.022012395
35	AGGGGC	6	219	0.022012395
35	GGACCCCC	8	218	0.021911882
35	AGCCTCCC	8	217	0.021811369
35	CCCCCCCT	8	217	0.021811369
36	TCAAGCT	7	217	0.021811369
35	AGGGAGACTCAGGCC	15	215	0.021610342
35	ACTCCGGG	8	215	0.021610342
35	GGCGCC	6	215	0.021610342
35	AGGGCGGGAAC	11	214	0.021509829
35	GCCTGGTTCT	10	214	0.021509829
35	GTACCCCC	8	214	0.021509829
35	GGGGGAC	7	214	0.021509829
35	GACTCC	6	214	0.021509829
35	GCCCT	5	214	0.021509829
35	GGCCT	5	214	0.021509829
35	GGGAGGCT	8	213	0.021409316
35	GTAGTTAGCCC	11	212	0.021308803
35	GCTGCC	6	212	0.021308803
35	ACCGAGAC	8	211	0.02120829
35	AGGTCCCC	8	211	0.02120829
35	GTTAGAGC	8	211	0.02120829
37	GGCCCCTG	8	211	0.02120829
35	GGAGCC	6	211	0.02120829
35	AAGGCCCT	8	210	0.021107776
35	GCTTCTCC	8	210	0.021107776
36	CGCCCAT	7	210	0.021107776
35	GACCGAGCCC	10	209	0.021007263
36	TCCCCT	6	209	0.021007263
35	GCTAGGC	7	208	0.02090675
35	AGGGGT	6	208	0.02090675
35	GTT	3	208	0.02090675
35	AGGAAAGAGAGG	12	207	0.020806237
35	GGGCCTCGCCCCT	13	206	0.020705723
35	ACCTGAAA	8	206	0.020705723
35	CCCCTCCT	8	206	0.020705723
35	GGAGCCC	7	206	0.020705723
35	GGTTCCC	7	205	0.02060521
35	GAGTCCCTTGG	11	204	0.020504697
35	GGCCCAGCC	9	204	0.020504697
35	GACTTTGG	8	204	0.020504697
35	GTCCCCCC	8	204	0.020504697
35	CCGGCCT	7	204	0.020504697
35	AGGTTTTTCCCTCCC	15	203	0.020404184
35	AGCCTTGCCCC	11	203	0.020404184
35	GGCTGCCC	8	203	0.020404184
35	GGTCGCC	7	203	0.020404184
35	GGCTCTTATGCGTA	14	202	0.020303671
35	GACCCTGCTCCC	12	202	0.020303671
35	CCCCGTCCCCC	11	202	0.020303671
35	GCCCGGGC	8	202	0.020303671
35	AGGGGCT	7	202	0.020303671
35	GCTAGGT	7	202	0.020303671
35	GACCCT	6	202	0.020303671
35	GCCCTC	6	202	0.020303671
36	AGGCCT	6	202	0.020303671
35	ACCCCTTGGTCCC	13	201	0.020203157
35	GGAAGATTCATT	12	201	0.020203157
35	GGCTAGGGC	9	201	0.020203157
35	CTGAGGGT	8	201	0.020203157
35	GGAGGCC	7	200	0.020102644
35	GGGGAC	6	200	0.020102644
35	AGCGCACCT	9	199	0.020002131
35	AACCGCCC	8	199	0.020002131
35	GCCCGTCC	8	199	0.020002131
36	CCGCACG	7	199	0.020002131
35	GACCGTGAACCC	12	198	0.019901618
35	GGTTCAGGCC	10	198	0.019901618
35	GCCTCC	6	198	0.019901618
35	GTTCCC	6	198	0.019901618
35	GGGGTC	6	197	0.019801104
35	CCCCT	5	197	0.019801104
35	GCCTGGC	7	196	0.019700591
35	CCCGGG	6	196	0.019700591
35	GGCT	4	196	0.019700591
35	GGAGCTTTCTC	11	195	0.019600078
35	GGAGCTTTCT	10	195	0.019600078
35	GGCCACCGCC	10	195	0.019600078
35	GGGACCCC	8	195	0.019600078
36	CCAAACCCCGT	11	194	0.019499565
35	ACCCCTGC	8	194	0.019499565
35	GGGGGACC	8	194	0.019499565
35	AAGGAGGT	8	193	0.019399052
35	ACCTCCCC	8	193	0.019399052
35	AGACCCAT	8	193	0.019399052
35	ATCCCC	6	192	0.019298538
35	GCT	3	192	0.019298538
35	AGGGTCC	7	191	0.019198025
35	GGTTCC	6	191	0.019198025
35	AGGCTGGTCTAACCC	15	190	0.019097512
35	GTCCCTAACTTC	12	190	0.019097512
35	GACCCTGGCT	10	190	0.019097512
35	GTCCCTAACC	10	190	0.019097512
35	GTGAAAAAAC	10	190	0.019097512
35	AGGCCCGT	8	190	0.019097512
35	GGGGTCTGACCC	12	189	0.018996999
36	CCCGGAAT	8	189	0.018996999
35	AAAAGAA	7	189	0.018996999
35	GACCGCC	7	189	0.018996999
35	GCCCGCCTCAGTCC	14	188	0.018896485
35	GGTTCCTT	8	188	0.018896485
35	GCGGGCC	7	188	0.018896485
35	GGAC	4	188	0.018896485
35	GTCCTTACCC	10	187	0.018795972
35	GGGGGTC	7	186	0.018695459
35	GTCC	4	186	0.018695459
35	GGT	3	186	0.018695459
35	GGCCCCCCG	9	185	0.018594946
35	AGGGGAC	7	185	0.018594946
35	GGGCTCTC	8	184	0.018494433
35	GGGCCTT	7	184	0.018494433
35	GGGACCC	7	183	0.018393919
35	ATTCCCCT	8	182	0.018293406
35	AGGGCCT	7	182	0.018293406
35	GCCCGCC	7	182	0.018293406
35	GCGGCC	6	182	0.018293406
35	CCTGCTGGGC	10	181	0.018192893
35	GATACCGT	8	181	0.018192893
36	CCCCCCCT	8	181	0.018192893
35	GAGGCCC	7	181	0.018192893
36	TTCGGCT	7	181	0.018192893
36	TTT	3	181	0.018192893
35	CGCTGGGCCT	10	180	0.01809238
35	GGCCTGAC	8	180	0.01809238
35	GGGACTCC	8	180	0.01809238
35	GGGGTCC	7	180	0.01809238
35	GACGCC	6	180	0.01809238
35	GGACCC	6	180	0.01809238
35	AGT	3	180	0.01809238
35	GGGGTTTTTTCCG	13	179	0.017991866
35	GCCTTCCC	8	179	0.017991866
35	GCCTTT	6	179	0.017991866
36	CCCT	4	179	0.017991866
35	GGGGCTG	7	178	0.017891353
35	AAGCTGGTGGGGGC	14	177	0.01779084
35	AAGGTCCC	8	177	0.01779084
35	ACCCCTTT	8	177	0.01779084
35	ACCCGGCC	8	177	0.01779084
35	ATGGGTCT	8	177	0.01779084
35	CGCTGTTT	8	177	0.01779084
35	GGGCCCCT	8	177	0.01779084
36	CGTTCTT	7	177	0.01779084
35	GCCCGGCCC	9	176	0.017690327
36	TCGCTCTT	8	176	0.017690327
35	GCGCC	5	176	0.017690327
36	CTGACTTCT	9	175	0.017589814
36	CGCCCCGT	8	175	0.017589814
36	CGCCCT	6	174	0.0174893
35	ACCGGTCT	8	173	0.017388787
35	GGTCCCCC	8	173	0.017388787
36	TCCCTT	6	173	0.017388787
35	CCCTTACGTGGGGC	14	172	0.017288274
35	AAACACTGAGAC	12	172	0.017288274
36	CCGGTTCCTTTT	12	172	0.017288274
35	CCCCGCT	7	172	0.017288274
36	TCCT	4	172	0.017288274
35	GAAAAACGGAGGC	13	171	0.017187761
35	GTTCCCTGACTT	12	171	0.017187761
35	AAGGCCC	7	171	0.017187761
35	AGGCCTC	7	171	0.017187761
35	GTCGCCC	7	171	0.017187761
35	GGGGGG	6	171	0.017187761
35	GTCCCT	6	171	0.017187761
35	GGGTCCT	7	170	0.017087247
35	CTCTGCCC	8	169	0.016986734
35	GGGGGATT	8	169	0.016986734
36	CCCGGGAT	8	169	0.016986734
35	GCCCGGC	7	169	0.016986734
35	GCCTGGT	7	169	0.016986734
36	CTAACT	6	169	0.016986734
35	GGGCCCGCCCCGGGT	15	168	0.016886221
35	GTTCTCCG	8	168	0.016886221
36	CCCGGGGT	8	168	0.016886221
35	GCCCTGGC	8	167	0.016785708
36	TTCCCCCT	8	167	0.016785708
35	CCCCCCT	7	167	0.016785708
35	AGGCCTTT	8	166	0.016685195
35	CTCCCCC	7	166	0.016685195
35	GCCT	4	166	0.016685195
35	GCTCGAAC	8	165	0.016584681
35	GCCGGCC	7	165	0.016584681
35	GACT	4	165	0.016584681
35	AAAGGCC	7	164	0.016484168
35	GGCTCCC	7	164	0.016484168
35	GCCCCTCC	8	163	0.016383655
35	GGGCCCTT	8	163	0.016383655
35	GTCCCCCT	8	163	0.016383655
35	GCAGGCCCTGGCCC	14	162	0.016283142
35	GGACGGGCCCTGG	13	162	0.016283142
35	AACGGCCCCC	10	162	0.016283142
35	GGGAGC	6	162	0.016283142
35	GAGGCTTGGTC	11	161	0.016182629
35	AGGGGCCCCTCCC	13	160	0.016082115
35	ACCCTAGCCTT	11	160	0.016082115
35	ACGGACGCCGC	11	160	0.016082115
35	AGGGCCTG	8	160	0.016082115
35	GGGTTCCC	8	160	0.016082115
36	CGGACGGT	8	160	0.016082115
35	GGGGACT	7	160	0.016082115
36	CCCTTTAATCCCTT	14	159	0.015981602
35	GACTGGCCCC	10	159	0.015981602
35	GCACCGGAAT	10	159	0.015981602
35	AAGGCCCC	8	159	0.015981602
35	CCCCGCTC	8	159	0.015981602
36	CCCGGCT	7	159	0.015981602
36	TCCGCCT	7	159	0.015981602
35	AAGCC	5	159	0.015981602
35	CCATCTGGGCT	11	158	0.015881089
35	GACAGGGGGCC	11	158	0.015881089
35	CGCTGGCCT	9	158	0.015881089
35	AAGGGGGGCCC	11	157	0.015780576
36	TGCCGGGGT	9	157	0.015780576
35	ACTGGCGA	8	157	0.015780576
35	CCCGGCCC	8	157	0.015780576
35	GCCTTCCT	8	157	0.015780576
35	GGGACC	6	157	0.015780576
35	GGCTTCC	7	156	0.015680062
35	AGAGCCTGGGC	11	155	0.015579549
35	GTTGCCC	7	155	0.015579549
35	AAGGC	5	155	0.015579549
35	AGGGG	5	155	0.015579549
35	GGCCTTGACC	10	154	0.015479036
35	GGGAAGCCCC	10	154	0.015479036
35	GGGACGGC	8	154	0.015479036
35	CCCCCT	6	154	0.015479036
35	AGG	3	154	0.015479036
35	GGGCGGGCC	9	153	0.015378523
35	ATTCCCCC	8	153	0.015378523
35	CGCCCGCC	8	153	0.015378523
35	GGCTCCCA	8	153	0.015378523
35	GGGCGGC	7	153	0.015378523
35	GCCCTCTT	8	152	0.01527801
35	CTCCCC	6	152	0.01527801
35	GCCTCCCC	8	151	0.015177496
36	CCGGCCT	7	151	0.015177496
35	ACGGCT	6	151	0.015177496
35	GTCCC	5	151	0.015177496
36	CTGACTTCGGGCT	13	150	0.015076983
35	GTAGGAGGCTC	11	150	0.015076983
35	GGCCTCCC	8	150	0.015076983
35	AAC	3	150	0.015076983
35	ATTCCCGGGTCA	12	149	0.01497647
36	CCGGAGTTCTTT	12	149	0.01497647
35	CCGCCCCC	8	149	0.01497647
35	GGGAAAAC	8	149	0.01497647
35	GTCGGGC	7	149	0.01497647
35	GCCGTCTT	8	148	0.014875957
35	GGCCTTTC	8	148	0.014875957
35	GGTTCCCT	8	148	0.014875957
35	GAGGGCC	7	148	0.014875957
35	AGGCGCTCCT	10	147	0.014775443
35	AAGCCTCC	8	147	0.014775443
35	AGACCCCT	8	146	0.01467493
35	CTGTGACC	8	146	0.01467493
35	GCCCGCCC	8	146	0.01467493
35	AGGCGCC	7	146	0.01467493
35	AGGGAAA	7	146	0.01467493
35	ACCCCT	6	146	0.01467493
35	GACTTCGAAACCC	13	145	0.014574417
35	GAAGGGGC	8	145	0.014574417
35	GTTCCCC	7	145	0.014574417
36	CTTGCCT	7	145	0.014574417
35	GGCCTTTGCCCCT	13	144	0.014473904
35	AAGACAAAGC	10	144	0.014473904
35	ACCCGCCC	8	144	0.014473904
35	ATTGTACC	8	144	0.014473904
36	CGCCCCCT	8	144	0.014473904
35	CCATGCC	7	144	0.014473904
36	TGCCCCT	7	144	0.014473904
35	CCGGGGCCCT	10	143	0.014373391
35	CCCCCGGC	8	143	0.014373391
35	GCTTGGGC	8	143	0.014373391
35	GGGCCCTC	8	143	0.014373391
35	AGGC	4	143	0.014373391
36	CTT	3	143	0.014373391
35	CGCCTCTTGGAGC	13	142	0.014272877
35	AGCTAGTCTAAC	12	142	0.014272877
35	GCCCGGCCCC	10	142	0.014272877
35	GTCCCCTC	8	142	0.014272877
35	CCTGCTCC	8	141	0.014172364
35	AAGCCCC	7	141	0.014172364
35	CCGCCCC	7	141	0.014172364
35	ACCCCCCT	8	140	0.014071851
35	GTTTCGCC	8	140	0.014071851
36	CGGGCCT	7	140	0.014071851
35	GCCTGGCCC	9	139	0.013971338
35	AGGGGACC	8	139	0.013971338
35	GCACAACC	8	139	0.013971338
35	ACCCCCT	7	139	0.013971338
35	AGGGCTC	7	139	0.013971338
35	AGGGTTC	7	139	0.013971338
35	GGGGCTC	7	139	0.013971338
