35	CC	2	32294	3.148161688
35	CT	2	15792	1.539473877
35	GT	2	9052	0.882428922
35	GC	2	7053	0.687557577
35	GG	2	5280	0.51471771
36	TT	2	5087	0.495903217
36	CT	2	3914	0.381553999
35	GCC	3	3787	0.369173478
35	GGGGCC	6	3727	0.363324414
36	T	1	3131	0.305223702
35	CCTCGGAT	8	3097	0.301909232
35	C	1	2762	0.269251953
35	GA	2	2691	0.26233056
35	GGGCC	5	2655	0.258821121
35	G	1	2325	0.226651264
35	ATGTTTTTTC	10	2233	0.217682698
35	AGGGCC	6	2205	0.214953134
35	GCTTAACG	8	2183	0.212808477
35	GCTCCCCC	8	1996	0.194578892
35	AC	2	1965	0.191556875
35	GGAGCCCG	8	1961	0.191166937
35	GGCCCGGT	8	1956	0.190679515
35	GCCACAGC	8	1825	0.177909057
35	GGCAGTAG	8	1784	0.173912196
35	AGGCCCC	7	1693	0.165041114
35	GACGGGT	7	1676	0.163383879
35	GGC	3	1666	0.162409035
36	CTCGGGGGCT	10	1613	0.157242361
35	AGGCCCGGT	9	1609	0.156852423
35	AGACCCCC	8	1602	0.156170032
35	GCCCCCCC	8	1602	0.156170032
35	AT	2	1532	0.149346123
35	CCC	3	1474	0.143692027
35	GCCCGAGC	8	1466	0.142912152
35	GGCCCC	6	1464	0.142717183
35	ACCGGCCTCTAGG	13	1457	0.142034792
35	CG	2	1453	0.141644855
35	AGCGTGG	7	1451	0.141449886
35	GGTTCGGCCC	10	1448	0.141157432
35	GGAGGACC	8	1371	0.133651133
35	AGGCCCTC	8	1356	0.132188866
35	GGGCCC	6	1343	0.130921569
35	AGGGGGCCCT	10	1302	0.126924708
35	GCCCCCCT	8	1192	0.116201422
35	GGTCTCC	7	1190	0.116006453
35	AAGGCTAAAGGGTC	14	1185	0.115519031
35	GGGGGCC	7	1174	0.114446703
35	ACCCGAGG	8	1165	0.113569343
35	GGGTCCCC	8	1164	0.113471859
35	GAGACCTG	8	1150	0.112107077
35	GCCCCC	6	1140	0.111132233
35	GGGCCCC	7	1130	0.110157389
35	CCCCCGGT	8	1128	0.10996242
35	CCCCAAAC	8	1120	0.109182544
35	CCAGAGGGTCC	11	1119	0.10908506
35	GGCC	4	1117	0.108890091
35	CCAGCCTCTGG	11	1065	0.103820902
35	GGCCC	5	1024	0.099824041
35	ATCAACA	7	1019	0.099336619
35	CCCGGGGGGACC	12	1007	0.098166806
35	GGACCGAG	8	994	0.096899508
35	GCTTACGT	8	983	0.09582718
35	GCTCCCC	7	983	0.09582718
35	GCTTTCCT	8	966	0.094169945
35	GAC	3	963	0.093877491
36	TCCTGGGT	8	961	0.093682523
35	AGGCCCCC	8	958	0.093390069
35	GCCCCCCG	8	951	0.092707678
35	GACCTTACACCT	12	942	0.091830319
35	CCCTGATC	8	926	0.090270568
35	AGCCCTCT	8	925	0.090173084
35	CCTACCCC	8	910	0.088710817
35	CCCTTCTT	8	882	0.085981254
35	GGCGTGGCTT	10	875	0.085298863
35	GTGCTCAG	8	856	0.083446659
35	CCTTTGCC	8	854	0.08325169
35	CCCCCCC	7	852	0.083056721
36	TGGGAACT	8	844	0.082276846
35	GGGGGC	6	836	0.081496971
36	TCCCCTCT	8	830	0.080912064
35	AGGAACCC	8	822	0.080132189
35	CCTCGGC	7	814	0.079352314
35	ACCTTACC	8	809	0.078864891
35	GGGGTCGGCC	10	796	0.077597594
35	GGCGTGGCTTGGGC	14	793	0.077305141
35	GGGGCCC	7	792	0.077207656
35	GGTCCCT	7	792	0.077207656
35	GGGGGGCC	8	790	0.077012688
35	GTGGGCCTT	9	789	0.076915203
35	AGGGCCC	7	787	0.076720234
36	CCT	3	784	0.076427781
35	AGGCC	5	779	0.075940359
35	GGGAGGGGG	9	777	0.07574539
35	GGCTGGCCCT	10	774	0.075452937
35	GCTCGGGG	8	773	0.075355453
35	GGTGCCCC	8	769	0.074965515
35	A	1	767	0.074770546
35	CCCCGGTCCC	10	761	0.07418564
35	GCCCCCC	7	753	0.073405764
35	GGGTCCCT	8	749	0.073015827
35	CGTAGTTCTCCGGC	14	734	0.07155356
35	GGCCCAGT	8	727	0.070871169
36	TCGGGCCCCT	10	724	0.070578716
35	GGCCGGT	7	714	0.069603872
35	GGGGCCTT	8	712	0.069408903
35	GCGCCCCCC	9	707	0.068921481
35	CCCGGCCC	8	700	0.06823909
35	GGGGCCCC	8	700	0.06823909
35	AGTGGGGC	8	699	0.068141606
35	AGGGAAAG	8	698	0.068044121
35	AGGTTCCC	8	695	0.067751668
35	AG	2	693	0.067556699
35	AGGGGCC	7	677	0.065996949
35	GACCGCGC	8	674	0.065704495
35	GGCCCCCT	8	674	0.065704495
35	GGGCCCT	7	673	0.065607011
36	CTAACCCTCTAACT	14	670	0.065314558
36	CCACCCCTCT	10	658	0.064144745
35	CCTGGC	6	657	0.06404726
35	ACCCTGTC	8	653	0.063657323
35	GAGGCC	6	652	0.063559838
35	AGTCCCC	7	647	0.063072416
35	GGCAGCCCT	9	640	0.062390025
35	ACCCCCCC	8	639	0.062292541
35	GTCCCC	6	635	0.061902603
35	GGCCCCCC	8	628	0.061220212
35	GACCCC	6	624	0.060830275
35	GGACCCC	7	617	0.060147884
35	GGCCCCC	7	617	0.060147884
35	GCCCC	5	615	0.059952915
35	CCCCC	5	614	0.059855431
36	CCCCTT	6	612	0.059660462
35	GTCCCCC	7	611	0.059562977
36	TAGAGCT	7	606	0.059075555
35	GCTGTCCT	8	605	0.058978071
35	GGTGC	5	605	0.058978071
35	GGGCCT	6	603	0.058783102
35	ATGCGTCT	8	599	0.058393164
35	GCCTCCCC	8	598	0.05829568
36	TGCCCCT	7	592	0.057710773
35	AGGCCCA	7	583	0.056833414
35	GGTCCCC	7	579	0.056443476
35	GAGGCCCC	8	574	0.055956054
35	GTCCAGGCC	9	572	0.055761085
35	GGCCCCCGGC	10	571	0.055663601
35	GTCCGTCC	8	571	0.055663601
35	GTTCTCTGGCC	11	569	0.055468632
35	AAACACCGAGAC	12	568	0.055371148
36	CCTAGGAAAAT	11	565	0.055078694
35	GGCCGCC	7	564	0.05498121
35	GCCTGGGC	8	560	0.054591272
35	GCCC	4	559	0.054493788
35	GTCTGGCCCC	10	555	0.05410385
35	CCTTGCCC	8	553	0.053908881
35	GCCCGGGG	8	546	0.05322649
35	GCCCGGC	7	546	0.05322649
35	GCCCCT	6	546	0.05322649
35	AAGGGTAC	8	544	0.053031522
35	GGTCCCCC	8	541	0.052739068
35	AGCCCCAGTT	10	540	0.052641584
35	AAGCCTCC	8	539	0.0525441
35	ACTAGGGA	8	526	0.051276802
35	CTTAGGC	7	524	0.051081833
35	GGAAGGTC	8	523	0.050984349
36	CCCT	4	523	0.050984349
35	GCGCTCCC	8	521	0.05078938
36	CGCCTCT	7	521	0.05078938
35	AGGAGCCC	8	520	0.050691896
35	GGCCCACT	8	516	0.050301958
35	GCTCTTAGGGGCT	13	514	0.050106989
35	CGGCAGGC	8	512	0.04991202
35	CTACCCTC	8	512	0.04991202
35	GGCCCGGTC	9	506	0.049327114
35	AGAGGGC	7	506	0.049327114
35	AGGCTCCC	8	498	0.048547239
35	AGAC	4	494	0.048157301
35	AGGGCCCC	8	493	0.048059816
35	GTCCCTCGGAC	11	492	0.047962332
35	AGGGGGC	7	488	0.047572394
35	GTCTTGCCC	9	487	0.04747491
35	GCCTCGGG	8	484	0.047182457
35	GCCAGTCC	8	482	0.046987488
35	AGGAACAGCCCG	12	481	0.046890003
35	GGGGCCT	7	481	0.046890003
35	CCTCGGG	7	480	0.046792519
35	GGCCCCT	7	480	0.046792519
35	GGGCTCGACTCGGCC	15	479	0.046695035
35	GGGACTCGGGCC	12	478	0.04659755
36	TTTCCCCCCCT	11	477	0.046500066
35	ATTCTAAC	8	477	0.046500066
35	GGCCCT	6	476	0.046402581
35	GCCTCCCTCAACCCC	15	473	0.046110128
35	GGTAGGCC	8	472	0.046012644
35	GAGCCTGTTTTC	12	468	0.045622706
35	GGGTGGC	7	464	0.045232768
35	CCCCCC	6	464	0.045232768
35	AGGCCCT	7	463	0.045135284
35	CCTGGGGCTT	10	461	0.044940315
35	GGTTCCCT	8	461	0.044940315
35	GGGGAGCC	8	458	0.044647862
35	GCCTCCCTCAACTT	14	457	0.044550378
35	GCCCTGGTCCC	11	457	0.044550378
35	CCCCCCCC	8	456	0.044452893
35	CCTAGCTAAC	10	455	0.044355409
35	GGAGGCA	7	455	0.044355409
35	CCTTAGGC	8	454	0.044257924
35	CA	2	452	0.044062955
35	GGAGGGCC	8	451	0.043965471
35	CCT	3	448	0.043673018
35	CCAGGACC	8	447	0.043575533
35	GGCGGC	6	445	0.043380565
36	TAGACTAACT	10	439	0.042795658
35	GGCCTTGGGC	10	435	0.04240572
35	GGCTCTCAGC	10	433	0.042210752
35	AGCCGGGGA	9	433	0.042210752
36	CCGCTCT	7	431	0.042015783
35	ACGGGT	6	431	0.042015783
36	TAGAGACT	8	430	0.041918298
35	ACCCCC	6	429	0.041820814
36	CCCCT	5	428	0.041723329
35	AGGCCC	6	427	0.041625845
35	GCAGTTCTTAGCC	13	426	0.041528361
35	GTCCACGGTTCC	12	426	0.041528361
36	TGGACTT	7	426	0.041528361
35	GGGGTTAGGCC	11	424	0.041333392
35	GGGCACCT	8	423	0.041235907
35	CCCC	4	423	0.041235907
35	GGG	3	423	0.041235907
36	TCCTCGGCT	9	422	0.041138423
35	GGAAAGC	7	422	0.041138423
35	GACCGGCCT	9	415	0.040456032
35	GGGCCCCT	8	415	0.040456032
35	GGGCCCCC	8	414	0.040358548
35	AAGGGGGC	8	413	0.040261063
35	CCCCCCCT	8	405	0.039481188
35	CCGCCCCC	8	404	0.039383704
35	GCCCCTCGGATCT	13	403	0.039286219
35	CCCCCTCAAAC	11	401	0.03909125
35	CCCCGGT	7	399	0.038896281
35	GCGGCC	6	399	0.038896281
35	GGGTCC	6	399	0.038896281
35	GCCCAGAAAGGGC	13	398	0.038798797
35	CCATGACT	8	397	0.038701313
35	GCGCCCC	7	397	0.038701313
35	ACTGGACT	8	394	0.038408859
35	AGGCGCCC	8	394	0.038408859
35	GTTAGT	6	394	0.038408859
36	CGCGAGGT	8	393	0.038311375
35	AGGGCCT	7	392	0.038213891
35	GGGC	4	392	0.038213891
35	GGGGC	5	391	0.038116406
36	TACTAACT	8	388	0.037823953
35	AGTCTCACCGAGAC	14	387	0.037726468
35	AGCTGGCCTT	10	382	0.037239046
35	GGCTTGCTC	9	381	0.037141562
35	GGGCTT	6	380	0.037044078
35	CCGTATAACC	10	379	0.036946593
35	GGACCCT	7	379	0.036946593
35	GGGGGG	6	378	0.036849109
35	GTCAGAGCGC	10	377	0.036751624
35	GGCTTGCCC	9	377	0.036751624
35	GGTCCC	6	375	0.036556656
36	CCCCCCCT	8	374	0.036459171
35	CCCGAGC	7	373	0.036361687
35	ATTCCCCC	8	372	0.036264202
35	ATTCCCTC	8	369	0.035971749
35	GTTCTCAGCCC	11	366	0.035679296
35	GGCTAGTCCT	10	366	0.035679296
35	GCT	3	362	0.035289358
35	GCCCGCCT	8	356	0.034704452
35	ACCCGGCT	8	353	0.034411998
35	GTCGGGC	7	353	0.034411998
35	GCAGCTTGGCTT	12	351	0.03421703
35	AGACTACC	8	351	0.03421703
35	AGGGCTT	7	351	0.03421703
35	GCTCAGTGC	9	349	0.034022061
35	AGGCCTCT	8	349	0.034022061
35	GGCCGGCC	8	349	0.034022061
35	AGGGC	5	347	0.033827092
36	TTCTAGCT	8	346	0.033729607
36	CGCCCTT	7	345	0.033632123
35	ATTGCC	6	345	0.033632123
35	GAGCCGGCCTCC	12	343	0.033437154
35	GACCTTCC	8	343	0.033437154
35	CCCTTAACCGGCC	13	342	0.03333967
35	CCTGGCC	7	342	0.03333967
35	GGCCGCGGTC	10	340	0.033144701
35	AGACCCT	7	340	0.033144701
36	CTCGGGAT	8	339	0.033047217
35	GAGGGCC	7	339	0.033047217
35	GGCTAGC	7	338	0.032949732
35	ACCCC	5	338	0.032949732
35	CCCTGCCGTGCC	12	337	0.032852248
35	GTTCGGGGCC	10	337	0.032852248
35	GGGGGGAACGGT	12	336	0.032754763
35	CTGGGAT	7	336	0.032754763
35	AGACGTGG	8	334	0.032559795
35	GCCCCCTC	8	334	0.032559795
36	CCCCCT	6	334	0.032559795
35	GGCCCCGGCC	10	333	0.03246231
35	GCCCGAAG	8	333	0.03246231
35	GTC	3	333	0.03246231
35	GGACCC	6	332	0.032364826
35	GGTCGGAAATTGC	13	327	0.031877404
35	AGGCCATCGCCC	12	327	0.031877404
35	GGCCCCGC	8	327	0.031877404
35	GTGGACCC	8	327	0.031877404
35	GGACTCC	7	327	0.031877404
35	GAGGGC	6	325	0.031682435
35	GGTCC	5	325	0.031682435
35	GCCT	4	325	0.031682435
35	GGGGGCCC	8	324	0.03158495
35	GGTTCCCC	8	322	0.031389982
35	GGCCGTTCCC	10	320	0.031195013
35	GAAGGCCC	8	317	0.030902559
35	GCCCTGGA	8	317	0.030902559
35	GGCGGCCC	8	317	0.030902559
35	CCCCCCT	7	317	0.030902559
35	GCCCTGG	7	316	0.030805075
35	GGCGGT	6	316	0.030805075
35	GTCTGCCC	8	315	0.030707591
35	GGTCACT	7	314	0.030610106
35	GAGGTCGGGTC	11	313	0.030512622
35	GGGAGGGGGGC	11	313	0.030512622
35	GGAAGCC	7	313	0.030512622
35	GTAGGGC	7	313	0.030512622
35	GTCTCCC	7	313	0.030512622
35	GCCTCCAAGGGGGCC	15	312	0.030415137
35	GCCCCGCCCC	10	312	0.030415137
35	GCAAAAGC	8	312	0.030415137
35	GCTAACAGGT	10	310	0.030220169
35	AGTCCTACCGGCCC	14	308	0.0300252
36	TTCCCT	6	308	0.0300252
35	GACGCAAGGGGC	12	306	0.029830231
35	GAGGAC	6	306	0.029830231
36	TGTCCTCT	8	305	0.029732746
35	GTCCC	5	305	0.029732746
36	AGGCCCTTCGGCCT	14	304	0.029635262
35	AGCCCC	6	304	0.029635262
35	GATCCCCCCTAGGG	14	303	0.029537778
35	AGGGTCCC	8	303	0.029537778
35	GGAGCCC	7	301	0.029342809
35	CCCTGGCT	8	300	0.029245324
35	GGCCCCTCCCC	11	298	0.029050356
35	ATCCCCCC	8	298	0.029050356
36	TTCCCCTT	8	298	0.029050356
36	TAGACT	6	298	0.029050356
35	GAAAAACT	8	296	0.028855387
35	GGGCCCCCCC	10	295	0.028757902
35	GTCGGGGCC	9	294	0.028660418
35	AGGTGGGGCTCC	12	293	0.028562934
35	CTCCCC	6	293	0.028562934
35	ACCTCGCT	8	291	0.028367965
35	AGGGGCCT	8	291	0.028367965
35	GCCTAGGC	8	291	0.028367965
35	CGGGCC	6	290	0.02827048
35	GGCCCCTCCCCT	12	289	0.028172996
35	GTACCCCTCGGT	12	289	0.028172996
35	GACTTCCC	8	289	0.028172996
36	CCCCGGCT	8	286	0.027880543
35	CCGGCCT	7	283	0.027588089
35	GCGCCTCTTGGCCC	14	282	0.027490605
35	GAAGGCC	7	282	0.027490605
35	GACTTACT	8	280	0.027295636
35	AGTCCCCTCG	10	278	0.027100667
35	GGGGGGGCCC	10	278	0.027100667
35	CGGGCCA	7	278	0.027100667
35	ACC	3	278	0.027100667
36	CCCTT	5	277	0.027003183
35	GGTCCAACCCCC	12	276	0.026905698
35	AGCTTT	6	276	0.026905698
35	ACCCGGTCCTCCCT	14	275	0.026808214
35	GCCCTAAGGTT	11	275	0.026808214
35	GACTCCCC	8	275	0.026808214
35	CCGGGCC	7	275	0.026808214
35	AGAGAC	6	275	0.026808214
36	CTTTTTT	7	274	0.02671073
35	AGACTCCC	8	273	0.026613245
35	ATTCCCAC	8	273	0.026613245
35	CCTTGGCT	8	273	0.026613245
35	GAGGGACC	8	273	0.026613245
35	ACGGGC	6	273	0.026613245
35	GCGGACCC	8	271	0.026418276
35	GGTCCGAG	8	270	0.026320792
35	ATAGGGGGC	9	268	0.026125823
35	GGCGGGCC	8	266	0.025930854
35	GACCTTCCC	9	265	0.02583337
35	CTGGACCC	8	265	0.02583337
36	CGAGAGGT	8	265	0.02583337
35	GGGTCCC	7	263	0.025638401
35	ACCGTT	6	262	0.025540917
35	GGCCTT	6	262	0.025540917
35	GACCCCC	7	261	0.025443432
35	GCCTTTCC	8	260	0.025345948
36	CCCGAGGCCT	10	259	0.025248463
36	CGCGCCCCCT	10	259	0.025248463
35	AGGTCCCC	8	259	0.025248463
35	AA	2	259	0.025248463
35	GGCCGGGC	8	258	0.025150979
35	AGACCC	6	258	0.025150979
35	GTTCCC	6	258	0.025150979
35	GTCC	4	258	0.025150979
35	CCCTGGCCCGCCC	13	257	0.025053495
35	GAAAAAGCCT	10	257	0.025053495
35	ATCAGGCC	8	257	0.025053495
35	GCCCTGGC	8	256	0.02495601
35	AGGC	4	256	0.02495601
35	GGCTCGGCTC	10	255	0.024858526
35	CTCCCCGC	8	255	0.024858526
35	GCCCCGGG	8	255	0.024858526
35	GGGGTCCC	8	255	0.024858526
35	GTTTGGGC	8	255	0.024858526
35	GAGGTCCC	8	254	0.024761041
35	GGGCACCC	8	254	0.024761041
35	GGCGCCC	7	254	0.024761041
35	ATTCTGAGCTCTAAC	15	253	0.024663557
36	TTCCCCCT	8	253	0.024663557
35	GAGGC	5	253	0.024663557
35	GCCCCCGGCTCAGT	14	252	0.024566072
35	GCCCTTTCCGGGG	13	252	0.024566072
35	CCCTCTTAAGG	11	251	0.024468588
35	GGGTCCGGGCC	11	250	0.024371104
35	GGCCGGAACGGGG	13	249	0.024273619
35	AACTCCGCCCTC	12	249	0.024273619
35	GCGTCCGC	8	249	0.024273619
35	GGCGGGT	7	249	0.024273619
35	GGTTGCC	7	249	0.024273619
36	CTCGGGGGCGTCT	13	248	0.024176135
35	CCTTGGT	7	248	0.024176135
35	GGGCCTC	7	248	0.024176135
35	AGGCCCTTAGGCC	13	247	0.02407865
35	GGGGTCACCGCC	12	247	0.02407865
35	CCCTCCCG	8	247	0.02407865
35	GGTCTAGC	8	247	0.02407865
35	AGCCCCT	7	247	0.02407865
35	AGGGGGG	7	247	0.02407865
35	AGGCCCGGTGCC	12	246	0.023981166
35	GCTCGGCT	8	246	0.023981166
35	GGGCAATT	8	246	0.023981166
35	GTCCCT	6	246	0.023981166
35	GGCCCCGCTC	10	245	0.023883682
35	GGTCGCCT	8	245	0.023883682
35	AGACCCC	7	245	0.023883682
35	GGCCCGCGCC	10	243	0.023688713
35	GGGCTTCC	8	243	0.023688713
36	CCCGGACT	8	243	0.023688713
36	CTTTTTCT	8	243	0.023688713
35	CGTCGCA	7	243	0.023688713
35	AGACC	5	243	0.023688713
35	GATCCCGACC	10	241	0.023493744
36	CCTGCCCT	8	241	0.023493744
35	AGGGGTC	7	241	0.023493744
35	GGGTCT	6	241	0.023493744
35	GGT	3	240	0.02339626
35	CCTCCCCAGGC	11	239	0.023298775
35	GCCCGGCCTT	10	239	0.023298775
35	GCCTCC	6	239	0.023298775
35	CCAGGATCTGTTTC	14	238	0.023201291
35	GGGCCTCCCCC	11	238	0.023201291
35	GGTCCCTC	8	238	0.023201291
35	AGCCCCC	7	238	0.023201291
35	AGGGCTGCCC	10	237	0.023103806
35	CTCTGAAC	8	237	0.023103806
35	GGCT	4	237	0.023103806
35	CCTCGTGCCCTCTC	14	236	0.023006322
36	CCTGGGGGCT	10	236	0.023006322
35	AGGGGCCC	8	236	0.023006322
35	CGGGCCCC	8	236	0.023006322
35	GGGGGAAT	8	236	0.023006322
35	GGCGCC	6	236	0.023006322
35	ATCAACACTC	10	235	0.022908837
35	ACCTCGAC	8	235	0.022908837
35	AGAGGGGC	8	235	0.022908837
35	GGTTGTCT	8	235	0.022908837
35	AGGCTAGC	8	234	0.022811353
35	GCCCGGGC	8	234	0.022811353
35	AGGTTTC	7	234	0.022811353
35	ATGCTTGCCC	10	233	0.022713869
35	GGAGCC	6	233	0.022713869
35	GGGGAC	6	233	0.022713869
35	ATACCCCT	8	232	0.022616384
35	CTTCCTTC	8	232	0.022616384
35	GCCCCTCT	8	232	0.022616384
35	AGGGGCT	7	232	0.022616384
35	GGCCCGGAGCCC	12	230	0.022421415
35	ACCTGCCC	8	230	0.022421415
36	TACCTTT	7	230	0.022421415
35	GCTCTCGGCCC	11	229	0.022323931
35	GTTAGAGC	8	229	0.022323931
35	AGCCGCC	7	229	0.022323931
36	CTT	3	228	0.022226447
36	AGGCGCCT	8	227	0.022128962
35	GCCCCCCCCC	10	226	0.022031478
35	GTTCTCTC	8	226	0.022031478
36	CCCCGGAT	8	226	0.022031478
35	AGCGGCGAG	9	225	0.021933993
35	CCCGGCC	7	225	0.021933993
36	TTCAACT	7	225	0.021933993
35	GACCTTCCCGGGTCC	15	224	0.021836509
35	GCCAGGGTGCCC	12	224	0.021836509
35	AGTCCTACCG	10	224	0.021836509
35	GACCTAACCT	10	224	0.021836509
35	GGGGGGC	7	224	0.021836509
35	AGGCCT	6	224	0.021836509
35	GGGAGGGGGC	10	223	0.021739024
35	CGCCTGGGC	9	223	0.021739024
35	CCTTCCCG	8	223	0.021739024
35	ACCCCCC	7	223	0.021739024
36	TTCGTCT	7	223	0.021739024
35	GACCC	5	223	0.021739024
35	GCCTACCC	8	222	0.02164154
35	GTCCCTCT	8	222	0.02164154
36	TCCTCCCT	8	222	0.02164154
36	TTTACCT	7	222	0.02164154
35	GTT	3	222	0.02164154
35	ACCGTTGGGGGC	12	221	0.021544056
35	GCCTGGCGAGCC	12	221	0.021544056
35	AGCCTGGT	8	221	0.021544056
35	CGGGGCCC	8	221	0.021544056
35	GAGGGCCC	8	221	0.021544056
35	GCCCCAAG	8	221	0.021544056
35	AAAGGGTCCCT	11	220	0.021446571
35	AAAGGCTTAC	10	220	0.021446571
35	GGGGGCCT	8	219	0.021349087
36	CTCCCT	6	219	0.021349087
35	ACGGGGCC	8	218	0.021251602
35	CCGCCGCT	8	218	0.021251602
35	GCCCGGAA	8	218	0.021251602
35	AACCCCT	7	218	0.021251602
35	GAGACCT	7	218	0.021251602
35	AGCCCCGTTCCCT	13	217	0.021154118
35	GAGGGGC	7	217	0.021154118
36	TGGGGCT	7	217	0.021154118
35	CGGGCCAC	8	216	0.021056634
35	GCCCT	5	216	0.021056634
35	CTGCCT	6	215	0.020959149
35	CCCGGACC	8	214	0.020861665
35	GCCTGCCC	8	214	0.020861665
35	AGGGGC	6	214	0.020861665
35	GGGGGA	6	214	0.020861665
35	GCCCTGGGGCCT	12	213	0.02076418
36	CCCCGCCCCT	10	213	0.02076418
35	CCCCTGGG	8	213	0.02076418
35	CGCAGCC	7	213	0.02076418
35	GGGGTCC	7	213	0.02076418
35	GCGGC	5	213	0.02076418
35	CCCCT	5	212	0.020666696
35	GGCCT	5	212	0.020666696
35	AACCCTTCCGGGC	13	211	0.020569211
35	GAGCGGTTTGTGC	13	211	0.020569211
35	GGTCTAGCGCC	11	211	0.020569211
35	AGGGGACC	8	211	0.020569211
35	AGTTCCCC	8	211	0.020569211
35	GCCGGACC	8	211	0.020569211
35	GGCAGGCC	8	211	0.020569211
35	GGCTCCCT	8	211	0.020569211
35	AGAGGCC	7	211	0.020569211
35	ACCTCCCC	8	210	0.020471727
35	CCCGGGCT	8	210	0.020471727
35	AGGGACC	7	210	0.020471727
35	CGGGCCC	7	210	0.020471727
35	CCCCGGTTTCGCC	13	209	0.020374243
35	GTGGGGGCCAAC	12	209	0.020374243
35	CCTCGTGCCCT	11	209	0.020374243
35	GCTCCCCG	8	209	0.020374243
35	GGGGCCCT	8	209	0.020374243
36	TCCCGGT	7	209	0.020374243
35	GCAGGT	6	209	0.020374243
36	CTTCTGGATT	10	208	0.020276758
35	AGGGCCCT	8	208	0.020276758
35	ATGGACCC	8	208	0.020276758
35	ACCCCCT	7	208	0.020276758
35	ACCGTAT	7	208	0.020276758
36	CGGGGT	6	208	0.020276758
35	CCACCGGGCT	10	207	0.020179274
35	CCCTCGGT	8	207	0.020179274
35	GGAAGGGC	8	207	0.020179274
35	GCCCTCCT	8	206	0.020081789
36	CTTTACCT	8	206	0.020081789
35	GGGGACC	7	206	0.020081789
35	GGCCCCCCC	9	205	0.019984305
35	GGGGGGAC	8	205	0.019984305
35	GAAGGAC	7	205	0.019984305
35	AGACTAGTCC	10	204	0.019886821
35	CGTCCCGT	8	204	0.019886821
35	GGTCCCCT	8	204	0.019886821
36	CGGCCT	6	204	0.019886821
35	ACTCGCTCTC	10	203	0.019789336
35	CTTGTCCC	8	203	0.019789336
35	GTCCCATC	8	203	0.019789336
35	GAGGCCT	7	203	0.019789336
35	ACCT	4	203	0.019789336
35	AGACTGAGAC	10	202	0.019691852
35	GGCGAACCTC	10	202	0.019691852
36	TCGGACCC	8	202	0.019691852
35	GCCCGCC	7	202	0.019691852
36	ATTTTT	6	202	0.019691852
35	ATTCCCGG	8	201	0.019594367
35	GGACCCTT	8	201	0.019594367
35	ACCGTGGGGGC	11	200	0.019496883
35	GTCCTCCCCC	10	200	0.019496883
35	GGCCCGGC	8	200	0.019496883
35	CCATGAA	7	200	0.019496883
35	GACGAGC	7	200	0.019496883
35	GCCCTTCC	8	199	0.019399399
35	GCTCTGT	7	199	0.019399399
35	GTCACTTG	8	198	0.019301914
35	GCAGGTC	7	198	0.019301914
35	GCTCTAAC	8	197	0.01920443
35	GTCCTCGC	8	197	0.01920443
36	CCCGGCT	7	197	0.01920443
35	GTTTTCCCC	9	196	0.019106945
35	GGGGCTTT	8	196	0.019106945
36	AACCCCCT	8	196	0.019106945
35	AGGACCC	7	196	0.019106945
35	AGA	3	196	0.019106945
35	ATCCTCGCGTTT	12	195	0.019009461
35	GGGTGCCCCC	10	195	0.019009461
35	GCGCCCCC	8	195	0.019009461
35	GGAAAACT	8	195	0.019009461
35	GGGGCCG	7	195	0.019009461
35	CCTCC	5	195	0.019009461
35	GTTCCCTGGCC	11	194	0.018911976
35	AGACGGCC	8	194	0.018911976
35	GTCGGTTT	8	194	0.018911976
35	GTTTTGT	7	194	0.018911976
36	TGTCCTT	7	194	0.018911976
35	CCAGAGGGTCCC	12	193	0.018814492
35	CCTTGGGCTT	10	193	0.018814492
35	GTCCCCGGGG	10	193	0.018814492
35	AGGGCTTTT	9	193	0.018814492
35	ACCCTCGG	8	193	0.018814492
35	CTAGGGAC	8	193	0.018814492
35	GTTTGGGGGCCAC	13	192	0.018717008
35	CCCCCGCCTCC	11	192	0.018717008
35	GGTCGAACCC	10	192	0.018717008
35	GTCAGCTCCT	10	192	0.018717008
35	AGACCCCT	8	192	0.018717008
35	GGCTGGC	7	191	0.018619523
36	TCCTACCCGGAGCCT	15	190	0.018522039
35	CTTTTGGCCC	10	190	0.018522039
35	CCGCCTGC	8	190	0.018522039
35	GGCCTCC	7	190	0.018522039
35	GCCCCTTGTTCCT	13	189	0.018424554
35	GAGCCCCT	8	189	0.018424554
35	CCTGCCC	7	189	0.018424554
35	GGCGGCC	7	189	0.018424554
35	GGAGGC	6	189	0.018424554
35	AGGAGCCT	8	188	0.01832707
35	GGGCTCGC	8	188	0.01832707
35	GGGCCTT	7	188	0.01832707
35	AGGTCC	6	188	0.01832707
36	CTGGCG	6	188	0.01832707
35	GCCTGGCTC	9	187	0.018229586
35	GCGTCCCC	8	187	0.018229586
35	GGGCGCCT	8	187	0.018229586
35	GTAACTCG	8	187	0.018229586
35	CGGCCTCC	8	186	0.018132101
35	CCCCGGTCCGGCG	13	185	0.018034617
35	CCCGAGGGGGC	11	185	0.018034617
35	GCTTGGCC	8	185	0.018034617
35	GCCCTCC	7	185	0.018034617
36	TCT	3	185	0.018034617
35	CAAGGCCCTGGT	12	184	0.017937132
36	TCCTCGGCCCCT	12	184	0.017937132
35	CCGCCGGGCT	10	184	0.017937132
35	CCGGGCCC	8	184	0.017937132
35	AGCGACC	7	184	0.017937132
35	CCCGGTC	7	184	0.017937132
35	GGTCGGC	7	184	0.017937132
35	GGAGTAATCC	10	183	0.017839648
35	GGCCTTAGCT	10	183	0.017839648
35	CTCGGGGCC	9	183	0.017839648
35	ACCCTCCC	8	183	0.017839648
35	AGCGGCCC	8	183	0.017839648
35	GGCCCGCT	8	183	0.017839648
35	GGGGGCT	7	183	0.017839648
35	GGGGGGT	7	183	0.017839648
35	AGGGCGGGC	9	182	0.017742163
35	GGCTGCCCC	9	182	0.017742163
35	GGACACCC	8	182	0.017742163
36	CTGCGAAT	8	182	0.017742163
35	AGGCTCT	7	182	0.017742163
35	AGC	3	182	0.017742163
35	GCCTGGTCTC	10	181	0.017644679
35	AATCAGCC	8	181	0.017644679
35	AGCGTCCC	8	181	0.017644679
35	GAGGTCCA	8	181	0.017644679
35	GCCCTCCC	8	181	0.017644679
35	AGGGCTC	7	181	0.017644679
36	CCCCCCT	7	181	0.017644679
36	CCCAAGGCTT	10	180	0.017547195
35	GGGCAGCCT	9	180	0.017547195
35	CTCGTTGA	8	180	0.017547195
35	CTTCCCCT	8	180	0.017547195
35	GCCTCCTC	8	180	0.017547195
35	GTCTAAC	7	180	0.017547195
35	ATCCCC	6	180	0.017547195
35	GGTTGGTCC	9	179	0.01744971
35	ATTCCCCT	8	179	0.01744971
35	GCCCGACC	8	179	0.01744971
36	TGGGCCTT	8	179	0.01744971
35	AAGGCCT	7	179	0.01744971
35	CCTTCC	6	179	0.01744971
35	GGGGCT	6	179	0.01744971
36	TCCCCT	6	179	0.01744971
35	AGACTCGGT	9	178	0.017352226
35	AGGACCCC	8	178	0.017352226
35	GTCGGGGA	8	178	0.017352226
35	GCTTTCCTTCCC	12	177	0.017254741
35	CTTGGGGA	8	177	0.017254741
35	AGAACCC	7	177	0.017254741
35	ACCCGGGG	8	176	0.017157257
35	AGTAGCCG	8	176	0.017157257
35	GCCGGGGG	8	176	0.017157257
35	GGGCCCCG	8	176	0.017157257
36	CTTGACCT	8	176	0.017157257
36	TTCCGACT	8	176	0.017157257
35	CCCGGGC	7	176	0.017157257
35	GCGGGCC	7	176	0.017157257
36	CCCGGGT	7	176	0.017157257
35	CTT	3	176	0.017157257
35	AAAGAGCC	8	175	0.017059773
35	ATTTGCCC	8	175	0.017059773
35	AGGATCTGCCTC	12	174	0.016962288
36	CCCCCTCT	8	174	0.016962288
36	CCCTCCCT	8	174	0.016962288
36	CCTCCGTT	8	174	0.016962288
36	CGGACCCT	8	174	0.016962288
35	AGTGGGGGAA	10	173	0.016864804
35	CGTGACCC	8	173	0.016864804
36	TTGGGCCT	8	173	0.016864804
35	GAGCCCC	7	173	0.016864804
35	GTTAGAC	7	173	0.016864804
35	GGCTCC	6	173	0.016864804
35	ACCC	4	173	0.016864804
35	AGATTCCT	8	172	0.016767319
35	AACGCCC	7	172	0.016767319
35	GACCTCCGT	9	171	0.016669835
35	AAAACCTT	8	171	0.016669835
35	CCCCCTCC	8	171	0.016669835
35	GCCTGTAC	8	171	0.016669835
35	GGAGCCCC	8	171	0.016669835
35	ACCGGCC	7	171	0.016669835
35	ATCCGACTCCGGC	13	170	0.01657235
35	ACTAAGGC	8	170	0.01657235
36	CCCCACTT	8	170	0.01657235
35	CTGGCCT	7	170	0.01657235
35	GATCCCC	7	170	0.01657235
36	CCCGCCT	7	170	0.01657235
35	AGGGGAGCTC	10	169	0.016474866
35	GTCCTC	6	169	0.016474866
35	ACGTGGCT	8	168	0.016377382
35	GAACGTGCCC	10	167	0.016279897
35	AAGTCCCC	8	167	0.016279897
35	GGCCCGGG	8	167	0.016279897
35	GTTTTCCC	8	167	0.016279897
35	GTTTTCTC	8	167	0.016279897
35	GGTT	4	167	0.016279897
35	CCCTCTTAATC	11	166	0.016182413
35	CCCCACGG	8	166	0.016182413
35	CCGGGGAC	8	166	0.016182413
35	GGACAGGG	8	166	0.016182413
35	CTTTT	5	166	0.016182413
35	AGGGTTAAACCCTTT	15	165	0.016084928
35	CGCCGTAGGGCCT	13	165	0.016084928
35	GACCCAGGCC	10	165	0.016084928
35	CCCTGCCA	8	165	0.016084928
35	CCGCTC	6	165	0.016084928
36	CTAACT	6	165	0.016084928
35	GGCCCTTGCCC	11	164	0.015987444
35	ATTCATCCT	9	164	0.015987444
35	GCCCCCGG	8	164	0.015987444
35	GGCCTCCC	8	164	0.015987444
35	GGGACCCC	8	164	0.015987444
36	TTTCCCT	7	164	0.015987444
35	GATGGGGTTCTGCCC	15	163	0.01588996
35	CCCGCGTTCCTGT	13	163	0.01588996
35	GTCCCCGGC	9	163	0.01588996
35	ACCGGGGC	8	163	0.01588996
35	ACTCTCCT	8	163	0.01588996
35	CTGGGCCC	8	163	0.01588996
35	GCTTCTGG	8	163	0.01588996
36	TTTTTTCT	8	163	0.01588996
35	ATCGGGC	7	163	0.01588996
35	CCTCCCC	7	163	0.01588996
35	GGATGCC	7	163	0.01588996
35	ACGCCT	6	163	0.01588996
35	AGGGTTACCT	10	162	0.015792475
35	GATGGTGTCC	10	162	0.015792475
35	AGGGAGTC	8	162	0.015792475
35	CTAAACCC	8	162	0.015792475
36	TTCGGCT	7	162	0.015792475
36	TCCCTT	6	162	0.015792475
35	AGGGGGGCCTC	11	161	0.015694991
35	CTCGAACCCC	10	161	0.015694991
35	CTGCCGGGTC	10	161	0.015694991
35	CCCGACAG	8	161	0.015694991
35	CCTTCCGC	8	161	0.015694991
35	GTCCTAGC	8	161	0.015694991
35	AGAGACT	7	161	0.015694991
36	CTTGCT	6	161	0.015694991
35	GGAAACAAGGGCT	13	160	0.015597506
35	ATTTGGGGGC	10	160	0.015597506
35	CCCAGACC	8	160	0.015597506
35	GCCCCTTC	8	160	0.015597506
35	CTGCCCC	7	160	0.015597506
35	CCTCCC	6	160	0.015597506
35	AAGGCTCTCGGGCCC	15	159	0.015500022
36	CGTGTGGCTTT	11	159	0.015500022
35	ACGGAACCCC	10	159	0.015500022
35	GGGCCCGGGC	10	159	0.015500022
35	AGACCGTC	8	159	0.015500022
35	AGGCCATC	8	159	0.015500022
35	GGGCCTCC	8	159	0.015500022
35	GGGGGAC	7	159	0.015500022
36	CCCCTTT	7	159	0.015500022
36	TCCT	4	159	0.015500022
35	CAGCCCGGGCC	11	158	0.015402538
35	AGCTCGCGCC	10	158	0.015402538
35	GCGGGGGGCA	10	158	0.015402538
36	CGCCCTAT	8	158	0.015402538
36	CGGCCCCT	8	158	0.015402538
35	CTGTCCC	7	158	0.015402538
35	CTAAAGAGGCC	11	157	0.015305053
35	ACTGGGCCTT	10	157	0.015305053
36	CGGGGGGCCT	10	157	0.015305053
35	GGGTCGGTC	9	157	0.015305053
36	CCCTTTT	7	157	0.015305053
36	TGGCTTT	7	157	0.015305053
35	CTGGCC	6	157	0.015305053
35	GGGACCTAAACCC	13	156	0.015207569
35	GCTCGGGGAC	10	156	0.015207569
35	CCGGGGCC	8	156	0.015207569
36	CCCCTCTT	8	156	0.015207569
36	TCCGGCTT	8	156	0.015207569
35	AAAGGCT	7	156	0.015207569
36	CAGGCCT	7	156	0.015207569
35	GTCTCCTTCGGTC	13	155	0.015110084
35	ACCCCGGTCCCC	12	155	0.015110084
35	AGGCCCGGTT	10	155	0.015110084
35	CGGGCAAGG	9	155	0.015110084
35	AGAGGGAC	8	155	0.015110084
35	CTGGGCTT	8	155	0.015110084
35	CTTCATCC	8	155	0.015110084
35	GCTGTTCC	8	155	0.015110084
35	GGCATACT	8	155	0.015110084
36	CGGGCT	6	155	0.015110084
35	AGCCT	5	155	0.015110084
35	ATCCCTAGTCCC	12	154	0.0150126
35	AGTCCCCT	8	154	0.0150126
35	CCGGCCCT	8	154	0.0150126
35	GCTTCCCC	8	154	0.0150126
35	GTCCCCCC	8	154	0.0150126
35	ACAAAGT	7	154	0.0150126
35	CTGGGCT	7	154	0.0150126
35	GGGAGCC	7	154	0.0150126
35	GGGGGT	6	154	0.0150126
35	AGGCG	5	154	0.0150126
35	AGACGGTTTGGC	12	153	0.014915115
35	ATGGATTTGG	10	153	0.014915115
35	CCTCTTAGGT	10	153	0.014915115
36	CCCCGCGACT	10	153	0.014915115
35	GTGCCCC	7	153	0.014915115
35	CTTCCT	6	153	0.014915115
35	GGAC	4	153	0.014915115
36	TGTCCTAGTCTT	12	152	0.014817631
35	GGGACCGCC	9	152	0.014817631
35	AGCCCCCC	8	152	0.014817631
35	AGGGCGCA	8	152	0.014817631
35	CCCCTGAC	8	152	0.014817631
35	GAGAAGGC	8	152	0.014817631
35	GCCAAGGG	8	152	0.014817631
35	GCTTGAGC	8	152	0.014817631
35	GGTCGCTT	8	152	0.014817631
35	GTGGCCCC	8	152	0.014817631
35	AGGCGGC	7	152	0.014817631
35	AGGGACT	7	152	0.014817631
35	CCTAGGC	7	152	0.014817631
35	GGCCAGT	7	152	0.014817631
35	GGCTAAC	7	152	0.014817631
35	GGTTCCC	7	152	0.014817631
35	GTCTTGC	7	152	0.014817631
36	CTCCCCT	7	152	0.014817631
35	ATCCC	5	152	0.014817631
35	ACCCTGTCGGAAAC	14	151	0.014720147
35	GGTGTTCCCGGC	12	151	0.014720147
35	CCCCGGCTT	9	151	0.014720147
35	CCGGTCC	7	151	0.014720147
35	GTCGCCC	7	151	0.014720147
36	AACCCCT	7	151	0.014720147
36	TGGCCTT	7	151	0.014720147
35	GGCCGC	6	151	0.014720147
35	GTCCCCCGGTC	11	150	0.014622662
35	ACCTGGGCTC	10	150	0.014622662
35	GGGACAGCCC	10	150	0.014622662
35	GCTCGTCC	8	150	0.014622662
35	GCTTGCCT	8	150	0.014622662
35	GGCCAACT	8	150	0.014622662
35	AGGGAAA	7	150	0.014622662
35	CCGGCCC	7	150	0.014622662
35	CTCCATT	7	150	0.014622662
35	GGAGCCT	7	150	0.014622662
35	GGGGTC	6	150	0.014622662
35	AAC	3	150	0.014622662
35	AGCCTCAAAGGC	12	149	0.014525178
35	GCTCCTGAGCC	11	149	0.014525178
35	GAGCGCACAA	10	149	0.014525178
35	AGCTTGCCT	9	149	0.014525178
35	GGCTGGCCC	9	149	0.014525178
35	AGGACCT	7	149	0.014525178
35	AGGTTTT	7	149	0.014525178
35	GGCAGT	6	149	0.014525178
35	CCCT	4	149	0.014525178
36	CTGACCCCCCT	11	148	0.014427693
35	ATCCTCCTCC	10	148	0.014427693
35	GGTCCGGACC	10	148	0.014427693
36	CCCGGGTCTT	10	148	0.014427693
35	GGCCGGCTC	9	148	0.014427693
35	GGCCACCC	8	148	0.014427693
35	GGTTTCTG	8	148	0.014427693
35	ACCGCC	6	148	0.014427693
36	CGCCTCGGAGGCT	13	147	0.014330209
35	GCCCTCGGGGC	11	147	0.014330209
35	GCCGTTCGCC	10	147	0.014330209
35	GGAAACTTCC	10	147	0.014330209
35	CGAGGA	6	147	0.014330209
35	GCCCTC	6	147	0.014330209
35	AGACT	5	147	0.014330209
36	CTTTT	5	147	0.014330209
35	GTCTCCTTCGGCT	13	146	0.014232725
35	CTTATGTCCCGT	12	146	0.014232725
35	GTCAGAGCGCGC	12	146	0.014232725
35	GTGTATCTG	9	146	0.014232725
35	GCCTACGG	8	146	0.014232725
35	GGCCCGGA	8	146	0.014232725
35	GGGGGGGG	8	146	0.014232725
36	CTCACATT	8	146	0.014232725
35	AGATCCC	7	146	0.014232725
35	GCTACCC	7	146	0.014232725
35	GTTCGCC	7	146	0.014232725
35	ACGCCGCCCGGC	12	145	0.01413524
35	ATTCCCTTCGGG	12	145	0.01413524
35	GACCTCCGTT	10	145	0.01413524
35	ACCGTAGGC	9	145	0.01413524
35	GGCCGGTGC	9	145	0.01413524
35	GTCCTCCCC	9	145	0.01413524
35	GATCCCCC	8	145	0.01413524
35	GCCCGGGA	8	145	0.01413524
35	GGGAGGGT	8	145	0.01413524
35	GGGCTGGA	8	145	0.01413524
35	GGCCTTGAAGGT	12	144	0.014037756
35	GGCATGCCC	9	144	0.014037756
35	CCCCGGGC	8	144	0.014037756
36	CGTCCTCT	8	144	0.014037756
35	GTGCTC	6	144	0.014037756
35	AGCCGGCCCCGG	12	143	0.013940271
35	ACCGTTGGGGC	11	143	0.013940271
35	ACTTGGCCCC	10	143	0.013940271
35	GCGGACCCC	9	143	0.013940271
35	GCTCGCGGT	9	143	0.013940271
35	GAGCCGCC	8	143	0.013940271
35	GCCCCGGA	8	143	0.013940271
35	GGGGGTTC	8	143	0.013940271
35	ATGGCGC	7	143	0.013940271
35	GGGACCC	7	143	0.013940271
35	GTTTCCC	7	143	0.013940271
