35	CC	2	42857	2.580399273
35	CT	2	21728	1.308232387
35	GT	2	13242	0.797294425
35	GG	2	10468	0.630273225
35	GC	2	9893	0.595652752
35	GGGGCC	6	6863	0.413217916
36	CT	2	5891	0.354694265
36	TT	2	5732	0.345120952
35	GCC	3	5403	0.325312021
36	T	1	4910	0.295628729
35	G	1	4337	0.261128676
35	C	1	3587	0.215971538
35	GGGCC	5	3165	0.190563122
35	AC	2	2845	0.171296076
35	GGGGGCC	7	2818	0.169670419
35	GGTTGGC	7	2804	0.168827486
35	GGCCCC	6	2606	0.156906002
35	GGGTTCTAGC	10	2502	0.150644212
36	AGGGGGCT	8	2481	0.149379812
35	GA	2	2425	0.146008079
35	GGTCCGGCCC	10	2290	0.137879794
35	GGGCCC	6	2267	0.136494975
35	CCC	3	2251	0.135531623
35	ATACTTTT	8	2203	0.132641566
35	GGGCCCCC	8	2132	0.12836669
35	AGGGGCCC	8	2103	0.126620614
35	GTCCCCT	7	2088	0.125717472
35	CCCCTTCC	8	2066	0.124392862
35	GGGTCCCGGCC	11	1963	0.118191282
36	CCT	3	1874	0.112832635
35	ATCCGGCCCC	10	1828	0.110062997
35	GGGCCT	6	1804	0.108617969
35	AGGAGCCT	8	1763	0.106149379
35	GGTTCCAG	8	1747	0.105186026
35	AT	2	1745	0.105065607
35	AGGGAGGC	8	1735	0.104463512
35	GGCCCCCC	8	1669	0.100489684
35	GCTAGCCC	8	1666	0.100309055
35	CG	2	1661	0.100008008
35	GCGATCCC	8	1645	0.099044656
35	GGCCCCAGTCT	11	1598	0.096214808
35	GGTCCAGGCC	10	1575	0.094829989
35	GGCCGGC	7	1566	0.094288104
35	CGTGGCC	7	1552	0.093445171
35	GGC	3	1552	0.093445171
35	GGCCCTGGGC	10	1543	0.092903285
35	ACCACCTC	8	1527	0.091939933
35	GGGGGGAC	8	1494	0.089953019
35	ATGCTCGGGA	10	1446	0.087062962
36	CGCCACCT	8	1443	0.086882333
35	AGGGCGTT	8	1442	0.086822124
35	AGGTCCCC	8	1414	0.085136257
35	GCCCCCGT	8	1414	0.085136257
35	GGGGGC	6	1402	0.084413743
35	GGCGGCCT	8	1392	0.083811648
35	GGGGTCT	7	1390	0.083691229
35	GTCCGGAA	8	1348	0.081162429
35	GCCCCGGC	8	1329	0.080018448
36	CCTTTCCCCTT	11	1316	0.079235724
35	GATTTTCCTTT	11	1312	0.078994886
35	AGTCCCGAGGGC	12	1309	0.078814258
35	AGGCCCC	7	1302	0.078392791
35	AGCCCCCC	8	1295	0.077971325
35	GGCCCCC	7	1294	0.077911115
35	GCCTGACCCT	10	1278	0.076947763
35	CAGGGGCC	8	1265	0.076165039
35	GGCCC	5	1252	0.075382315
36	CGTCCCTT	8	1248	0.075141477
35	GACCGTGAACCC	12	1244	0.074900639
36	CTTGTCCT	8	1241	0.074720011
36	CCTCTCCT	8	1230	0.074057706
35	GACCCC	6	1212	0.072973935
36	CCGGGGGGCG	10	1211	0.072913725
35	GGGGGGC	7	1201	0.07231163
35	AGGGCAGACC	10	1199	0.072191211
35	GCCTAGGCC	9	1197	0.072070792
35	GCCCTTCGGT	10	1195	0.071950373
35	GCCTTAGTTT	10	1194	0.071890163
36	TTTCACGTCT	10	1193	0.071829954
35	GCCCCC	6	1181	0.07110744
35	A	1	1171	0.070505344
35	GGCTTCAGA	9	1157	0.069662411
35	GGGGCCC	7	1153	0.069421573
35	GAGGCC	6	1152	0.069361364
35	GGCC	4	1144	0.068879688
35	GGCCGGGC	8	1136	0.068398011
35	GGGGAGCC	8	1133	0.068217383
35	GGCCCTGGGCCCT	13	1125	0.067735707
35	GCCCCCCC	8	1109	0.066772354
35	GGACCCC	7	1105	0.066531516
35	GCCTTGGGC	9	1104	0.066471307
35	CTGGGCT	7	1097	0.06604984
35	CCCCCCGTCCCG	12	1094	0.065869212
35	GGGCCCC	7	1093	0.065809002
35	GGGAGC	6	1091	0.065688583
35	CCCCC	5	1090	0.065628374
35	AAAGCAAC	8	1075	0.064725231
35	GGACTTGCCC	10	1072	0.064544602
35	GCTACCT	7	1064	0.064062926
35	GGGC	4	1053	0.063400621
36	CCGGCTCT	8	1040	0.062617898
35	GGGGGCCCCC	10	1038	0.062497479
35	CTTTTCCC	8	1038	0.062497479
35	GGGCCCGCCCC	11	1037	0.062437269
35	AGGGCCC	7	1019	0.061353498
35	AAGGCCC	7	1014	0.06105245
35	GCTTTAGC	8	1006	0.060570774
35	AG	2	1004	0.060450355
35	ACGGACC	7	1003	0.060390146
35	GAC	3	1002	0.060329936
36	TAGAGACT	8	999	0.060149308
35	AGTACCTT	8	985	0.059306374
35	GAGCTGGCCG	10	984	0.059246165
35	GGCGTCCC	8	971	0.058463441
35	GCCCTTTAGCCCCAT	15	967	0.058222603
36	TGGGGGTT	8	966	0.058162393
35	CCATTCCC	8	941	0.056657156
36	CCTAAGCT	8	940	0.056596946
35	GCTCTTCC	8	937	0.056416318
35	GGCTGGC	7	935	0.056295898
35	AGGCCCCT	8	925	0.055693803
35	CCCTCCCT	8	921	0.055452965
35	CCTAACTAAC	10	918	0.055272337
35	AGGGGGCC	8	918	0.055272337
35	GCGTTTGCCC	10	917	0.055212127
35	AGAC	4	906	0.054549822
35	GGGACGGG	8	905	0.054489613
35	CCTGGGGACC	10	895	0.053887518
35	GCCCCCC	7	892	0.053706889
35	GCCCGCCGGCCG	12	889	0.053526261
35	AGGCC	5	887	0.053405842
36	CCCGGGGCCTCT	12	882	0.053104794
35	GCAAAGCC	8	879	0.052924166
35	GCCCC	5	879	0.052924166
36	TTTTTCCT	8	876	0.052743537
35	GAGGCCCC	8	874	0.052623118
35	AACGTTCC	8	870	0.05238228
35	AAACACCGAGAC	12	868	0.052261861
35	CGGGGGGC	8	867	0.052201651
35	GGTCCCC	7	866	0.052141442
35	AGAGAGGC	8	865	0.052081232
35	AGGTTGTT	8	851	0.051238299
35	GCCGGGCC	8	850	0.05117809
35	GCCCGGCC	8	849	0.05111788
35	CTGGGGT	7	848	0.05105767
35	GGGCCCT	7	846	0.050937251
35	GCCCCCCT	8	843	0.050756623
35	CGCTTGCC	8	839	0.050515785
35	GTCCCC	6	836	0.050335156
35	GTCCGTGG	8	832	0.050094318
35	GTCGAAAT	8	824	0.049612642
35	GGTTTGGTCCGGGTT	15	818	0.049251385
35	GCGTGCTCCC	10	816	0.049130966
35	GGGGCCCC	8	814	0.049010547
35	CCCCCC	6	814	0.049010547
35	CCTTAGAAAAGG	12	811	0.048829918
35	AGGGCTGGC	9	811	0.048829918
35	AGGTCCGG	8	809	0.048709499
35	GTCTGGCA	8	809	0.048709499
35	CTTGGCT	7	808	0.04864929
36	TGAAAATT	8	805	0.048468661
35	GACCGT	6	798	0.048047195
35	GGGAGGGC	8	789	0.047505309
35	AGGGCCT	7	784	0.047204261
35	GGGCAAAACT	10	777	0.046782795
35	AGGTCC	6	777	0.046782795
35	CCCCCCC	7	772	0.046481747
35	GCCTGCTGCCG	11	770	0.046361328
35	GGCACCTA	8	770	0.046361328
35	CCCCGCCC	8	769	0.046301119
35	GAGTTCTC	8	763	0.045939862
35	AGGGCC	6	760	0.045759233
35	GCGGCC	6	757	0.045578604
35	AGGCTCCT	8	747	0.044976509
35	GGCTCGACCCCACCT	15	746	0.0449163
35	CTGGGCC	7	746	0.0449163
35	GGCCCT	6	745	0.04485609
35	GTTCAGGGT	9	744	0.044795881
35	ACCCCTCACC	10	743	0.044735671
36	CCCCCTT	7	736	0.044314205
35	GGCTCCC	7	733	0.044133576
35	CCTTTTTGAC	10	727	0.043772319
36	TTTT	4	726	0.043712109
35	CTTTCCTC	8	724	0.04359169
35	CCCCCGGTCCC	11	720	0.043350852
35	GACCAGCCC	9	719	0.043290643
35	CCCC	4	718	0.043230433
35	GCTCTTCGGGGC	12	713	0.042929386
35	AGGGGCTT	8	708	0.042628338
36	CCCCT	5	708	0.042628338
35	AGCTGGTCCC	10	706	0.042507919
35	GGAAAAGGGCGC	12	701	0.042206871
35	GGGGCCT	7	698	0.042026243
36	CTTCCGCT	8	697	0.041966033
35	ACGTCTCT	8	695	0.041845614
35	AGAGGCTTTCCC	12	694	0.041785405
35	GTTCCCTC	8	689	0.041484357
35	GTAGACTC	8	688	0.041424148
35	GGGGC	5	688	0.041424148
35	GGCTTTAGCCCG	12	673	0.040521005
35	GGGCCGGT	8	673	0.040521005
36	CCCGGGGCCT	10	667	0.040159748
35	GGGGGGCC	8	666	0.040099538
35	GTCAACGCT	9	665	0.040039329
36	CTCTAACT	8	663	0.03991891
35	CCT	3	658	0.039617862
35	AAGGGGGGCCC	11	656	0.039497443
35	GGCCCGGT	8	647	0.038955558
35	GACCACC	7	647	0.038955558
35	ATACGGCT	8	644	0.038774929
35	CCCCCGTAGGC	11	642	0.03865451
35	CCATTCCT	8	638	0.038413672
35	GCCTTGAC	8	638	0.038413672
35	GGGGAAAC	8	634	0.038172834
35	AGGGCACC	8	630	0.037931996
35	GGCGAAAGGTC	11	622	0.03745032
35	GTCGAGGAT	9	619	0.037269691
35	GCTTCCTT	8	616	0.037089063
35	GGGGGA	6	616	0.037089063
35	GAGGCCC	7	615	0.037028853
35	GCCGCC	6	614	0.036968643
36	CCAGCCCT	8	611	0.036788015
35	GAGGGACC	8	610	0.036727805
35	GGGACCCC	8	610	0.036727805
36	CCGGGCCGGGCCT	13	609	0.036667596
35	GTTTTATCT	9	606	0.036486967
35	CCCTGGGC	8	606	0.036486967
35	GGGCGCC	7	606	0.036486967
35	AGGCCCCC	8	604	0.036366548
35	AGGCCCGTGCCT	12	602	0.036246129
35	GGAAACCC	8	597	0.035945082
35	CTGAGGGT	8	595	0.035824663
35	CCCCCCTGGAT	11	592	0.035644034
36	CCCCCT	6	590	0.035523615
35	GGCCCCCTGC	10	589	0.035463406
35	GCCTGCTC	8	589	0.035463406
35	AGGTCCC	7	588	0.035403196
36	CCCTCTCACT	10	586	0.035282777
36	CCGGTTCCTTTT	12	584	0.035162358
35	GGGAGGGT	8	584	0.035162358
35	GGCCTCTA	8	583	0.035102148
35	GGCTAGGC	8	581	0.034981729
36	AGGGCCCT	8	581	0.034981729
36	TCCTCT	6	581	0.034981729
35	GTGGGACC	8	577	0.034740891
35	GCCCGTCC	8	569	0.034259215
35	GGACGTCC	8	569	0.034259215
35	GGTGCC	6	561	0.033777539
35	ACCGGACC	8	557	0.033536701
35	GGACGGCC	8	555	0.033416282
35	CCTCCGAC	8	553	0.033295863
35	GCCTCCCC	8	552	0.033235653
35	GCCCCCT	7	551	0.033175444
35	GGCCCCT	7	548	0.032994815
35	GGGGGT	6	547	0.032934606
35	AGGCCTT	7	546	0.032874396
36	CGCCCT	6	545	0.032814187
35	CA	2	544	0.032753977
35	GAGGGTCC	8	543	0.032693768
35	GGCGCCCTGCGTC	13	542	0.032633558
35	GGGGGCCT	8	541	0.032573349
35	AGGGCCCC	8	539	0.03245293
35	GCTTGCTGTCGGCC	14	538	0.03239272
35	GCCTGGC	7	538	0.03239272
36	TCTCCCCT	8	537	0.032332511
36	CCTCTCCCAAACT	13	535	0.032212092
35	GGCGGC	6	534	0.032151882
35	GCCCGGGC	8	530	0.031911044
35	ACCCGGCC	8	528	0.031790625
35	GGGGGGGC	8	528	0.031790625
35	AGTTAGGG	8	525	0.031609996
35	GCCC	4	523	0.031489577
36	CCGCACG	7	521	0.031369158
35	GGTCC	5	520	0.031308949
36	CGGCCGCT	8	519	0.031248739
35	CCCCGGG	7	518	0.03118853
35	GGGCCCTCCG	10	517	0.03112832
35	GTCGGCC	7	514	0.030947692
35	GTC	3	514	0.030947692
35	GGCTTCAAG	9	510	0.030706854
35	AGTGGCCTCGGCCCT	15	509	0.030646644
35	GTACCCCC	8	505	0.030405806
35	AGGCCC	6	503	0.030285387
35	GGCCTC	6	502	0.030225178
35	AGGGGC	6	499	0.030044549
35	GTCCC	5	495	0.029803711
36	CCCGGAAT	8	494	0.029743501
35	AGACCCC	7	493	0.029683292
36	CTGGGGGCCT	10	490	0.029502663
35	GGGGCCCT	8	490	0.029502663
35	AAACCCC	7	489	0.029442454
35	GTCCT	5	489	0.029442454
35	AGCCCCCT	8	488	0.029382244
35	GGCTCCCC	8	488	0.029382244
35	GTTTCTCCGCCT	12	487	0.029322035
35	GTTCCCGCTT	10	486	0.029261825
35	GGGCCTT	7	486	0.029261825
35	ACCCCCCC	8	484	0.029141406
35	GGGTGAAAACCC	12	482	0.029020987
35	CCCCCCACCTCC	12	481	0.028960778
35	GCT	3	479	0.028840359
35	ACC	3	477	0.02871994
35	AGGCCCGGCCC	11	476	0.02865973
35	AGGGGCC	7	474	0.028539311
36	TAGACT	6	474	0.028539311
35	GGCCCCCT	8	473	0.028479102
35	GGGTCC	6	471	0.028358683
35	CCCCCCCC	8	470	0.028298473
35	GGGGTGG	7	470	0.028298473
35	GGCGCC	6	470	0.028298473
35	AGGCCCT	7	466	0.028057635
35	CCGCTTCC	8	465	0.027997425
35	GGGCGC	6	465	0.027997425
35	GGACCCCGGC	10	464	0.027937216
35	ATGCTCCC	8	463	0.027877006
35	GGGCGCCC	8	462	0.027816797
35	GGGATTCC	8	460	0.027696378
35	AAGAGAGTCTAA	12	458	0.027575959
35	GCCCGTTGGGACT	13	454	0.027335121
35	AAGGGTCT	8	454	0.027335121
35	GCCCGGC	7	454	0.027335121
35	GGTTCGGT	8	453	0.027274911
36	CGCCCCT	7	452	0.027214702
35	GTCGCCC	7	450	0.027094283
35	AGAGGCCG	8	448	0.026973864
35	CCCGGGGGCC	10	446	0.026853445
36	TAAAGACT	8	446	0.026853445
35	GGCCTCC	7	446	0.026853445
36	CCTATCAAGACT	12	445	0.026793235
35	GTCCGGC	7	445	0.026793235
35	GGGGGCCC	8	444	0.026733026
36	TTCCCCCT	8	444	0.026733026
35	ATTTT	5	440	0.026492188
35	CAGAGGCCT	9	439	0.026431978
36	TTCCCCT	7	438	0.026371768
35	GGCCT	5	437	0.026311559
35	CCTTTT	6	432	0.026010511
35	GGTTCAGGCC	10	430	0.025890092
35	GAGGGCC	7	430	0.025890092
35	GGG	3	429	0.025829883
35	GGTGGGGAG	9	428	0.025769673
35	AGCGGGCC	8	428	0.025769673
35	CTCAGTCACCGAGAC	15	425	0.025589045
35	GTCCCCCC	8	423	0.025468626
35	CCGGCCC	7	423	0.025468626
35	GCGAGTGCCGGG	12	420	0.025287997
35	GTAGGGGGCC	10	420	0.025287997
35	CCTATCCCCT	10	418	0.025167578
35	ATCCGGC	7	418	0.025167578
35	ACCCC	5	418	0.025167578
35	GTGAAGGC	8	416	0.025047159
35	ACCCCC	6	416	0.025047159
35	GTTTCGGCGGCC	12	415	0.02498695
35	ACCCGGGCGGGC	12	414	0.02492674
35	AGGAAGGG	8	413	0.024866531
36	CCCGGGGT	8	412	0.024806321
35	GCCCCGGT	8	411	0.024746112
35	GGGTGGCT	8	411	0.024746112
35	ACCGCTC	7	410	0.024685902
35	GGTCCCCC	8	409	0.024625692
35	GCCCCT	6	409	0.024625692
35	GTCCCCACGGACCT	14	408	0.024565483
35	GGCCCCTC	8	408	0.024565483
36	AGACCCAACCCCT	13	407	0.024505273
35	CGGCGTTT	8	407	0.024505273
35	GGGGTC	6	407	0.024505273
35	GGACCCT	7	406	0.024445064
35	CCATTCA	7	404	0.024324645
35	ACCTCCCC	8	402	0.024204226
35	CCCCGGC	7	398	0.023963388
35	GCCCTTCCC	9	396	0.023842969
35	GCGACGGCC	9	394	0.02372255
35	GGGCTT	6	393	0.02366234
36	CTAACCCTCTAACT	14	392	0.023602131
35	GGGCTTAGGGGCCTC	15	391	0.023541921
35	GACCGTGAGGGACC	14	391	0.023541921
35	AAGGGACTAGGC	12	389	0.023421502
35	AGCCCC	6	389	0.023421502
36	CCTTTT	6	389	0.023421502
35	CCCGCCAGCCGGGCC	15	387	0.023301083
35	GGCTTCC	7	387	0.023301083
35	GCCTTCCAGG	10	386	0.023240874
35	GGGCGTCT	8	385	0.023180664
35	GGGGGGGGCC	10	383	0.023060245
35	CCCCCCT	7	379	0.022819407
35	ACGCCC	6	379	0.022819407
35	ACGCGCC	7	378	0.022759197
35	CCCCCT	6	376	0.022638778
35	GGGCTTGC	8	374	0.022518359
36	AAAGGCTT	8	374	0.022518359
35	GGTCCC	6	374	0.022518359
35	AGGGGTCC	8	372	0.02239794
35	AGGCGCC	7	372	0.02239794
35	GTGCCCTC	8	371	0.022337731
35	AGTACCTTGGCT	12	370	0.022277521
35	AGGGCGAGGCC	11	370	0.022277521
35	GACCC	5	370	0.022277521
36	CGGGAACCCTT	11	369	0.022217312
36	CCCCCCCT	8	369	0.022217312
35	GGCCCAGC	8	368	0.022157102
35	AGGGGAC	7	368	0.022157102
35	GTCTGTTGACCCCC	14	367	0.022096893
35	GGGGACCGGG	10	367	0.022096893
35	AAGGGTTC	8	367	0.022096893
35	CTCCTTAT	8	367	0.022096893
35	GCCCTC	6	367	0.022096893
35	GCTGGCCC	8	365	0.021976474
35	GATAAGGGA	9	364	0.021916264
35	GGCCCCCG	8	364	0.021916264
35	GCCT	4	363	0.021856055
35	AGGCTCCC	8	362	0.021795845
35	CTT	3	362	0.021795845
35	CGGACGCGGGCC	12	361	0.021735636
35	AGCCGGTCT	9	361	0.021735636
35	GGCTTTTC	8	360	0.021675426
35	GATAAGGGAGC	11	359	0.021615217
35	GCCCAGTTTTT	11	359	0.021615217
35	AAGGGTTT	8	359	0.021615217
35	CCCCCTC	7	359	0.021615217
35	GCCTTCCT	8	358	0.021555007
35	AGGGGGC	7	357	0.021494798
35	GCCCTAAGGGGCC	13	355	0.021374379
36	CCCGGGCT	8	355	0.021374379
35	CCTCCCC	7	353	0.02125396
35	GATCGCC	7	353	0.02125396
35	GACTTCGAAGAC	12	352	0.02119375
35	GGGGAGGC	8	352	0.02119375
35	GGGCCTC	7	351	0.02113354
35	CTGCCC	6	351	0.02113354
35	AGAGCCC	7	350	0.021073331
35	CCCGGGC	7	350	0.021073331
35	GGGAGGGTC	9	349	0.021013121
36	CCCT	4	349	0.021013121
35	ACGGACCC	8	348	0.020952912
35	GCCTTGGG	8	347	0.020892702
35	GCAGGACCGGGTCC	14	346	0.020832493
35	CTGGGGAG	8	346	0.020832493
35	GCCCTCCC	8	346	0.020832493
35	GGCTCC	6	346	0.020832493
35	GGCTTTCT	8	345	0.020772283
36	AGGTCCTT	8	345	0.020772283
35	GGCCGGCC	8	344	0.020712074
35	GGGGGCTT	8	343	0.020651864
36	CTAACT	6	342	0.020591655
36	CTT	3	342	0.020591655
35	GCCTCGTTTCACCT	14	341	0.020531445
35	GGCCTAGCCCTC	12	341	0.020531445
35	GGTTCGGGTT	10	341	0.020531445
35	GCCCTCGG	8	340	0.020471236
35	GGCCTCT	7	340	0.020471236
35	GGCGGCC	7	340	0.020471236
35	CCCCCCGG	8	339	0.020411026
35	CTGAGGCC	8	339	0.020411026
35	GCCGCT	6	339	0.020411026
35	CCCCCGTAGGCCT	13	338	0.020350817
35	GACCCCC	7	338	0.020350817
35	ATTCCCCGCC	10	337	0.020290607
35	GCTACCTGGC	10	337	0.020290607
35	GACCCCTT	8	337	0.020290607
35	AACGTCTT	8	336	0.020230398
35	AGGGAGAGTTCCC	13	335	0.020170188
35	GGGGTCC	7	335	0.020170188
35	GCCGGCGTTCTT	12	334	0.020109979
35	GAGGGCCC	8	334	0.020109979
36	TCCCCAGT	8	334	0.020109979
35	GGCCCTT	7	334	0.020109979
36	TGCGAT	6	334	0.020109979
35	AAGAGCCC	8	333	0.020049769
35	GCGAGGCGCC	10	331	0.01992935
35	CCCGCCCC	8	331	0.01992935
35	AGACGGGCC	9	330	0.019869141
35	GGTGACGA	8	330	0.019869141
35	CCCGGGGGCCGA	12	329	0.019808931
35	GTCGGTGGTAC	11	329	0.019808931
35	GCCTATTCCT	10	327	0.019688512
35	GGTCCTGG	8	327	0.019688512
35	GGTTTCCC	8	327	0.019688512
35	GGGACCGCTC	10	326	0.019628303
35	CGACCCGG	8	326	0.019628303
36	TGGAGTCT	8	326	0.019628303
36	TGTTAGTCCTCT	12	325	0.019568093
35	CCGGGCC	7	325	0.019568093
35	GTTCGGGCC	9	324	0.019507884
35	GGTTGGTCC	9	323	0.019447674
35	CTGGGGC	7	323	0.019447674
35	GGCCCTCC	8	322	0.019387464
35	GGCCGC	6	322	0.019387464
36	CCGCTGGCCT	10	321	0.019327255
35	GTTCCCC	7	321	0.019327255
35	GTCTTAAGGCCC	12	320	0.019267045
35	AGGAAGAGAGC	11	320	0.019267045
35	GAGGGTATCGT	11	320	0.019267045
35	GTTTTCTC	8	318	0.019146626
35	CTTAAGGGG	9	317	0.019086417
35	CGCCCCCC	8	316	0.019026207
35	GGAAGCCT	8	316	0.019026207
35	GGCCTTT	7	316	0.019026207
35	GGGCGACACC	10	315	0.018965998
35	AGGGCCTC	8	315	0.018965998
35	GGGACC	6	315	0.018965998
35	GCGTTAAG	8	314	0.018905788
35	GGGGGGCA	8	314	0.018905788
35	AGCCCCC	7	314	0.018905788
35	GGCTGGCC	8	313	0.018845579
35	GGATG	5	313	0.018845579
35	AAAGCCTTTCT	11	311	0.01872516
35	AGCCAACCCT	10	311	0.01872516
35	GGGACACC	8	310	0.01866495
35	GGTCCGGG	8	308	0.018544531
36	TCCT	4	308	0.018544531
36	CCCTCCT	7	307	0.018484322
36	CCACT	5	307	0.018484322
35	GGCCCCTT	8	306	0.018424112
35	GGCGGGGACCC	11	305	0.018363903
35	AGGGTCCC	8	305	0.018363903
35	GGGGGTCC	8	305	0.018363903
35	CTCGGGT	7	305	0.018363903
35	GGT	3	302	0.018183274
35	AACCTCGGGCCT	12	301	0.018123065
35	GGGGGCT	7	301	0.018123065
35	GCCCCTACCCTTCTC	15	300	0.018062855
35	GGCAGCCC	8	300	0.018062855
35	CCTTCCC	7	300	0.018062855
35	GGGTCCC	7	300	0.018062855
37	TCTAGCCCTG	10	299	0.018002646
35	ACTCGAAC	8	299	0.018002646
35	CCCCCGG	7	299	0.018002646
36	TCCGAACTCT	10	298	0.017942436
35	CCTTCTTC	8	298	0.017942436
35	GTTCTCCG	8	298	0.017942436
35	GCCCCGCGGGCC	12	297	0.017882227
35	GCAGGGGA	8	297	0.017882227
35	AGGGCCCCCTCG	12	296	0.017822017
35	GCCTCC	6	296	0.017822017
35	AGGGACC	7	294	0.017701598
36	AGACCCT	7	294	0.017701598
35	GTCC	4	294	0.017701598
35	GGGTTAGTT	9	293	0.017641389
35	GGCCTCCC	8	293	0.017641389
35	GTCCCGC	7	293	0.017641389
35	GTGAACCC	8	292	0.017581179
35	GTAGGGC	7	292	0.017581179
35	AGCCCCTGCCTTCC	14	291	0.017520969
35	GGGGCGGC	8	291	0.017520969
35	GTTCTCC	7	291	0.017520969
35	GGGTTCCC	8	290	0.01746076
36	TTTTCCCT	8	289	0.01740055
35	AGAGGCTTT	9	288	0.017340341
36	CCCCGTCT	8	288	0.017340341
35	GGCCTCCCGCCC	12	287	0.017280131
35	GGGGCTC	7	287	0.017280131
37	CGCCTTTG	8	286	0.017219922
36	CGGGCCT	7	286	0.017219922
35	AGGGC	5	286	0.017219922
35	GGCCCCAAGCCCC	13	285	0.017159712
35	GATCCGAGCC	10	285	0.017159712
35	GGAACTTT	8	285	0.017159712
35	GGGGACT	7	285	0.017159712
35	GCTCCC	6	285	0.017159712
35	GCCCT	5	285	0.017159712
35	GGCCGAGGGC	10	284	0.017099503
35	GGGGACCC	8	284	0.017099503
35	CTAGAGG	7	284	0.017099503
37	CCGGGCGTG	9	283	0.017039293
35	GGCGCCTC	8	283	0.017039293
35	ATTGGCT	7	282	0.016979084
35	ACCCTT	6	282	0.016979084
35	AA	2	282	0.016979084
35	ACCTTCTC	8	281	0.016918874
35	GGCCGCC	7	281	0.016918874
35	ACCTCCCCTTTT	12	280	0.016858665
35	CCCTTCGGGGC	11	280	0.016858665
36	TCTTGGT	7	280	0.016858665
36	CCCCGTGCGGCT	12	279	0.016798455
35	GGACCGGGCC	10	279	0.016798455
35	CCCCGGTT	8	278	0.016738246
35	CCGGCCCT	8	277	0.016678036
35	GGGACCC	7	277	0.016678036
36	TCAAGCT	7	277	0.016678036
35	AGACTGAGAC	10	276	0.016617827
35	GCTCTCCA	8	276	0.016617827
35	GTCCCCGGGCCC	12	275	0.016557617
35	GTGGTGTCCC	10	275	0.016557617
35	CAAAGAGT	8	275	0.016557617
35	GGACGTAG	8	275	0.016557617
35	GGGCCCCT	8	275	0.016557617
35	ACTATCCCCCT	11	274	0.016497408
35	GCTTTCGTT	9	274	0.016497408
35	GACCCAGG	8	274	0.016497408
35	GGATGCCC	8	274	0.016497408
35	GGGGAC	6	273	0.016437198
35	GGCCTTCGGTCCC	13	272	0.016376989
35	AAGCCCCC	8	272	0.016376989
35	GGGACCT	7	272	0.016376989
35	AACGTAGTCTC	11	271	0.016316779
35	CCCCCTGA	8	271	0.016316779
36	TCCCT	5	271	0.016316779
36	TCAGGGCCCCTCG	13	270	0.01625657
35	GGAGGCAAGCTT	12	270	0.01625657
35	AGCC	4	270	0.01625657
35	CCTGGGCT	8	269	0.01619636
36	CCTGGGGT	8	269	0.01619636
35	GACCCT	6	269	0.01619636
35	GGCCTT	6	269	0.01619636
35	GCGCC	5	269	0.01619636
35	CCCCTCCC	8	268	0.016136151
35	GTTGGCCC	8	267	0.016075941
35	AGGGGACC	8	266	0.016015732
35	GTCCAAGCCCAGCCC	15	265	0.015955522
35	CGACTAGGGCCT	12	265	0.015955522
35	GAACCCT	7	265	0.015955522
36	TCCCCTT	7	265	0.015955522
35	GCTTAAGC	8	264	0.015895313
35	ACGGGGGC	8	263	0.015835103
35	GCCCTAGGGT	10	262	0.015774893
35	AGACCCT	7	262	0.015774893
35	CTGCCCC	7	262	0.015774893
35	AAGGGTGC	8	261	0.015714684
35	AGTGGTT	7	260	0.015654474
36	CCCGCCT	7	260	0.015654474
35	CCCTC	5	260	0.015654474
35	GGCGGCT	7	259	0.015594265
35	GTCCCCC	7	259	0.015594265
36	CGGCCT	6	259	0.015594265
35	AGGTTCCC	8	258	0.015534055
35	GGCTCCCT	8	258	0.015534055
35	ACCC	4	258	0.015534055
35	GACCCCCC	8	257	0.015473846
35	CCGCTTCCGTCT	12	256	0.015413636
35	CTCATGGACC	10	256	0.015413636
35	CCCCGGAC	8	255	0.015353427
35	CTCCCCC	7	255	0.015353427
35	CCCCT	5	255	0.015353427
35	GTCCTTCCCC	10	254	0.015293217
35	AGGACCC	7	254	0.015293217
35	AGGTCCGT	8	253	0.015233008
35	ACCGTCCC	8	252	0.015172798
35	GCCCCCTC	8	251	0.015112589
35	GGAGCCC	7	250	0.015052379
35	ACCTGGGGGCT	11	249	0.01499217
35	CCGTCCTAGGC	11	249	0.01499217
36	CAGCCTTCTTT	11	249	0.01499217
35	AGAACGTC	8	249	0.01499217
36	CCCCCCTT	8	249	0.01499217
35	GTCGGGC	7	249	0.01499217
35	CCGGGCCC	8	248	0.01493196
35	GCCCTACT	8	248	0.01493196
35	GGTGTCCC	8	248	0.01493196
35	GGCT	4	248	0.01493196
35	GCCCGGTC	8	247	0.014871751
35	ACCCT	5	247	0.014871751
35	GGGCCTTT	8	246	0.014811541
35	GGGGGACC	8	246	0.014811541
35	CCTGCCC	7	246	0.014811541
35	GGGGCT	6	246	0.014811541
35	CTCCGACC	8	245	0.014751332
35	GGAAGCCC	8	245	0.014751332
35	AGCGGCC	7	245	0.014751332
36	CGGCCTT	7	245	0.014751332
35	GTT	3	245	0.014751332
35	CCTCCCCC	8	244	0.014691122
35	AGGCCT	6	244	0.014691122
37	TG	2	244	0.014691122
35	CGAGACAGGGTCCCT	15	243	0.014630913
35	GCCTCTAGT	9	243	0.014630913
35	AACCCCCC	8	242	0.014570703
35	GCCCCTGGGAGGGT	14	241	0.014510494
35	CCCCCGGAGGT	11	240	0.014450284
35	AAGCGGC	7	240	0.014450284
35	GGACCC	6	239	0.014390075
35	GTTCCC	6	239	0.014390075
36	CCCCTTAGGCT	11	238	0.014329865
35	GCCCGCCT	8	238	0.014329865
35	CCCCGGT	7	238	0.014329865
35	GTTACCC	7	238	0.014329865
35	AAACACTGAGAC	12	237	0.014269656
35	CTCCGACCCG	10	237	0.014269656
35	AGGGACCT	8	237	0.014269656
35	GCCCGACCCGGGCC	14	236	0.014209446
35	GTCCAAGCCCA	11	236	0.014209446
35	ATCGGGGA	8	236	0.014209446
35	AGAGGCC	7	236	0.014209446
35	GGTTCCC	7	236	0.014209446
36	TTTCCTT	7	236	0.014209446
35	GGCTAC	6	236	0.014209446
36	CCCTT	5	236	0.014209446
36	TAGAGCTAACT	11	235	0.014149237
35	GGTTCCCT	8	235	0.014149237
35	GCCCCCGGGCC	11	234	0.014089027
35	GGTTGGAG	8	234	0.014089027
35	GGCCCTAACCCCCTT	15	233	0.014028817
36	TCCCGGGGACT	11	233	0.014028817
35	GGGGCAAGAT	10	233	0.014028817
36	TTTTTCATT	9	233	0.014028817
35	GCCCGGCT	8	233	0.014028817
35	GCCGGCCC	8	233	0.014028817
35	GCCCGCCG	8	232	0.013968608
35	GTCGCC	6	232	0.013968608
35	CTTCGGTGCTCCC	13	231	0.013908398
